-0.263162686	-0.964751471	0.638963685
0.764393661	-0.644749821	0.631544221
0.62962354	-0.776900379	0.038972679
-0.243578926	0.969881079	1.851995044
0.991250629	-0.131993148	1.936526454
-0.556386196	0.830923824	0.609424299
-0.943130932	0.332421488	1.827250285
0.922835241	0.385194908	1.649011705
0.907048936	0.42102521	0.397336168
-0.61644132	0.78740085	1.905443361
0.707350475	0.706863003	1.642941284
-0.561547242	-0.827444678	1.826275597
-0.767263361	-0.641332156	1.865013107
0.966279198	-0.257496625	1.72579708
0.965776329	-0.259376333	0.545120883
0.071545527	0.997437335	0.000978156
-0.999970858	0.007634334	0.15419015
-0.520957567	0.853582576	0.4637371
-0.99669908	0.081184631	0.834391975
-0.200032526	-0.979789257	1.181660378
0.997781763	0.066569916	1.814651324
0.114892342	0.993377949	1.813908421
0.584200712	-0.811609222	0.365968404
-0.995603351	0.093669457	0.901115561
0.843974115	-0.536383905	0.238533341
0.568068426	0.822981327	1.701648772
0.656634691	0.754208779	0.373284288
0.026915761	-0.999637705	1.414099491
-0.357458871	0.933928881	0.431275441
-0.999649672	0.026467578	0.219603731
0.974160828	0.225855444	0.056922196
-0.993974998	-0.109607037	0.783328683
0.626358713	-0.779534966	1.483077306
-0.988747666	0.149592955	0.281627815
-0.223933307	-0.974604471	0.5422423
-0.268710822	-0.963220896	1.749603173
-0.999432976	0.033670843	0.61249196
-0.99807856	0.061961182	1.986217019
0.959409903	0.282015316	0.096826068
0.172205159	-0.985061106	1.925725539
0.581221472	-0.813745415	1.496864122
0.995112785	0.098744851	0.402135192
0.77531568	0.631573904	1.261303477
0.913290388	-0.407309055	0.126625129
0.8873248	0.461144987	0.596556365
-0.375436431	-0.926848146	0.332587901
-0.987376494	0.15839084	1.776056114
-0.840516477	-0.541785983	0.169942048
-0.237391497	-0.971414061	1.296181085
-0.340295711	0.940318472	1.235505556
-0.287479938	-0.95778666	0.360190502
0.822762953	0.568384662	1.681650128
-0.068485561	-0.997652108	1.576565985
-0.169721988	-0.985491982	1.9108507
0.555388773	-0.831590831	1.689659547
-0.999624743	0.027392938	1.670723487
0.596432367	0.802663337	0.412165194
-0.9656616	0.259803146	1.494891526
-0.128943246	-0.991651975	0.158884215
0.453823954	0.891091364	0.139221861
-0.500442651	0.865769688	0.636823742
-0.359018456	-0.933330461	0.111219725
0.707883648	-0.70632906	0.483428457
0.99720623	0.074697627	0.06747912
-0.135284029	0.990806859	1.7914158
-0.319928019	0.947441852	1.675083539
-0.216997516	0.976172156	1.229515621
-0.776572626	0.630027743	1.692405484
-0.963756402	0.266783805	0.01748897
0.034255157	0.99941312	1.448566807
-0.234545165	0.972105224	0.465023951
-0.997819844	-0.065996654	0.085646041
-0.056369023	-0.998410003	1.728268455
-0.66490188	-0.746930713	1.78188066
-0.759407866	0.650614858	1.710730426
0.927118345	0.374768694	1.732709736
0.704509588	0.709694469	1.739302916
-0.457294097	-0.889315528	0.200997972
-0.130441285	0.991456036	1.33956781
-0.658878553	-0.752249329	0.465106769
0.98697738	0.160859101	1.555160639
-0.791951826	0.610583578	1.915794753
0.060775375	0.998151468	1.594067243
0.803457866	-0.595361619	0.607278438
-0.207917101	-0.978146451	0.931736377
-0.563322287	-0.826237255	0.178405788
-0.502746511	0.864433887	0.694224989
-0.224880087	0.974386446	1.741917421
0.774762857	-0.63225194	0.647470392
0.714972466	0.699152611	0.239502953
-0.39049931	-0.92060322	1.507162537
-0.366880143	-0.93026822	0.330819841
-0.503267635	0.864130596	0.658222352
0.660927994	0.750449324	1.810575646
0.91568823	-0.40188937	0.492090551
0.392669397	-0.919679697	0.383577437
0.475672182	-0.879622633	1.684934525
0.95171558	-0.306981196	1.932067076
0.772743143	-0.634718863	1.331151382
0.98101527	-0.193930502	0.344795417
0.386617901	0.92223999	0.319160222
-0.994053653	-0.108891392	1.998246573
0.192910022	0.981216451	1.489704581
0.602494848	0.798122771	0.48494844
0.700586843	0.713567148	1.539250092
0.898646427	0.438673682	1.268751477
0.66929851	0.74299361	1.925527382
0.662410169	-0.749141354	1.718678936
0.490622212	0.871372392	1.975164154
-0.987665805	0.156576684	0.306645387
-0.856709879	0.515798588	0.30748297
-0.998398398	-0.056574196	1.098074565
-0.926104701	-0.377266594	0.18272328
-0.308528216	0.951215191	0.847306481
-0.499754232	-0.866167251	1.545535803
-0.16435718	0.986400891	0.106150998
-0.999180034	0.040487766	0.051136004
0.348789218	-0.937201196	1.571300203
-0.193063282	0.981186307	0.181335949
0.340294507	0.940318908	1.943872174
0.996960914	0.077903379	1.923502601
-0.358285281	0.933612156	1.687026829
0.606316313	-0.795223572	0.439256519
-0.988784018	-0.149352486	1.718486609
0.963194139	0.268806715	1.871902701
-0.94464874	0.328083463	0.085462092
0.353590714	0.935400239	0.176422274
0.796700247	-0.604374649	1.163260955
-0.308967935	0.951072455	0.382359285
-0.771582911	-0.63612877	1.923870586
0.751432703	-0.65980974	1.953158534
0.854638413	-0.519223635	1.291252972
-0.108738788	-0.994070358	0.502215797
-0.70106015	0.713102143	1.793038744
-0.996286443	-0.086100659	0.268641892
0.813705413	-0.581277474	1.670665283
-0.510571401	-0.859835359	1.625228862
-0.425484285	-0.904965813	1.526954936
0.762388526	-0.647119568	1.630721809
0.995400705	-0.095798937	0.113781774
-0.214018148	-0.976829684	0.90523345
-0.991198509	-0.13238397	1.585132752
0.981596302	-0.190967796	1.499119535
0.708841434	-0.705367863	0.512216352
0.511554327	0.859250936	0.46039854
0.998163871	-0.060571337	1.795524594
-0.721759674	-0.692143752	1.745895072
-0.150182084	0.988658354	0.040501914
0.953239389	-0.30221626	0.189537965
-0.253977778	-0.967210054	0.474667623
-0.227021966	-0.973889638	1.657780076
-0.742073304	0.670318738	0.418826972
-0.334817848	-0.942282871	0.125161619
-0.635655297	0.77197302	0.211331626
0.22459886	-0.974451308	0.129824284
-0.995839452	-0.091125113	0.252333266
-0.95364511	-0.300933554	0.098113964
0.592822883	0.805332869	0.075840801
0.962124896	-0.272609033	0.179018052
0.962490228	-0.271316348	1.563853321
0.817616659	-0.575762971	1.169804116
-0.987998698	0.154462206	0.734996009
0.990923269	0.134428698	1.80229568
0.72901289	-0.684499968	0.41537944
0.873326536	0.48713526	0.110244575
-0.410911244	-0.911675353	0.687801313
0.137011277	-0.990569488	0.388854435
-0.812768769	0.582586412	0.07869439
-0.997383232	0.072295846	1.226380265
0.67252639	0.740073141	0.289499555
0.930836129	-0.365436863	1.724782913
0.662643339	-0.748935114	1.763317279
-0.672118315	0.740443766	0.394870467
-0.999926576	0.012117864	1.257792235
0.191108352	-0.981568947	0.032170004
0.989278709	-0.146039841	1.481332381
0.869580893	0.493790513	0.68994717
-0.966547921	-0.256486094	1.532799981
-0.287345381	0.957827037	1.100701049
0.700067797	-0.714076382	1.70775851
0.768452833	0.639906434	0.264391281
-0.084287209	-0.996441502	0.386556488
-0.952447874	-0.30470157	1.525105963
-0.798619199	-0.601836669	1.925610546
0.478418142	0.878132155	0.237091451
0.772856309	-0.634581063	1.05061434
-0.974288947	-0.225302125	1.915386059
-0.305616257	-0.952154769	0.449934008
0.999417158	0.034137145	1.69061055
0.878022217	0.478619876	0.497329112
-0.963573625	0.267443207	1.82380933
-0.998440706	-0.055822538	0.340751323
0.271063764	-0.962561393	1.975326171
0.975325522	0.220771661	1.581299452
0.877780496	-0.479063044	0.023124693
0.301812155	0.953367413	0.109995291
0.999862944	-0.016555737	1.948342881
0.774396935	-0.632700076	1.628259627
0.903758881	-0.42804192	0.397105584
-0.136168078	0.99068575	0.313708929
0.866705259	0.498820602	1.508867278
0.20646078	0.978454877	1.538673383
-0.892804492	0.450444379	0.118573061
-0.931322846	-0.364194669	1.668784515
0.871659997	-0.490111058	0.22526368
0.478457222	0.878110863	0.323952261
0.458857222	-0.888510017	0.333062205
-0.510592068	0.859823086	1.557068979
-0.995622244	0.093468424	1.343990575
0.849308141	0.527897415	1.039010156
0.284586817	0.958650272	1.8240215
0.946428505	0.322913433	0.29109841
-0.953003729	0.302958567	0.313665744
-0.962195748	-0.272358848	1.892114047
0.770764926	0.637119635	0.828874704
0.87074543	0.49173407	1.88825705
-0.182718668	0.98316524	0.760211119
0.997327804	-0.073056491	0.289527888
0.705221901	-0.708986651	0.463307552
-0.97195968	0.235147573	0.498551155
0.269327174	-0.963048739	0.215167181
0.942516489	0.334159644	1.396117696
0.257702018	0.966224441	1.695889577
-0.835596533	0.549343639	1.500719478
0.836061644	0.548635514	0.457673399
-0.689160935	-0.724608312	1.906520521
0.190177018	0.981749816	1.839256072
-0.33750913	0.941322255	1.311954523
-0.144335083	0.98952887	1.97555891
-0.280586169	0.95982884	0.182328259
0.653966867	0.75652319	0.235646917
0.34838697	-0.937350798	1.95694244
-0.999843569	-0.0176872	0.014462009
-0.90832206	-0.418271486	0.413386209
-0.241685824	-0.970354555	1.036506062
-0.201508109	-0.979486846	1.401189911
-0.273251219	-0.961942707	1.988003512
0.998980419	-0.045145575	0.157059758
0.678578245	0.734528124	1.772466586
-0.484653733	-0.874706099	0.665052447
-0.995597867	-0.093727729	0.931848601
-0.706940342	0.707273181	0.214746364
0.825405454	0.564540376	0.884755293
0.214248606	0.976779164	1.67732347
-0.725759797	-0.687948193	0.423582858
0.601285354	0.799034369	0.15027617
-0.118097106	0.993002051	1.703582045
0.884938762	-0.465707405	1.740528628
0.637918974	-0.770103488	0.269343562
-0.975891171	-0.218257699	1.477469244
-0.959739917	-0.280890179	0.572893312
-0.003319022	0.999994492	1.696941403
-0.389402765	-0.92106758	1.513794803
-0.28106924	0.959687492	0.754470382
0.810780477	-0.585350338	1.83895975
0.376610316	0.926371777	0.244814096
-0.716864205	0.697212817	1.663600531
0.880388696	-0.474252827	1.335022751
-0.310232691	-0.950660653	1.359390897
-0.776306628	-0.630355471	0.267080093
0.739062551	-0.673636806	1.941077235
-0.444910958	-0.895574809	0.526820261
0.239328998	-0.970938531	1.803318113
0.554216818	0.832372344	0.07259006
0.410788589	0.911730627	1.92512396
-0.159359729	-0.987220582	0.062832761
-0.988453869	0.151522106	0.005969875
0.198133897	-0.980174963	0.44922038
-0.99155975	-0.12965054	1.851172056
-0.573776363	-0.819012018	0.35244414
-0.40026201	-0.916400744	0.73958763
0.783485723	0.621409786	0.335671078
-0.744582795	-0.667530121	0.335387399
0.351769264	0.93608674	1.771409347
-0.518102844	0.855318329	1.581411996
0.873376443	-0.487045776	1.160644604
-0.993087227	-0.117378705	0.235751059
0.032582372	-0.999469054	1.899379706
0.333495513	-0.942751687	1.531025724
0.630790127	0.775953488	1.842967852
-0.494319985	0.869280019	0.153709107
-0.840833911	-0.541293205	0.241316215
0.686333774	0.727286705	0.392604595
0.772836827	-0.63460479	0.771379264
-0.517722549	-0.855548574	1.652769325
-0.999767469	-0.021564055	0.102351867
-0.807328708	-0.590101988	0.403843511
-0.364854709	0.931064467	1.890029576
-0.523890175	-0.851785821	1.541024815
0.74329784	0.668960627	0.074768302
-0.803065872	-0.595890263	1.995252129
-0.983927668	-0.17856748	1.476509287
-0.100751115	0.994911661	1.69760075
-0.023598695	-0.999721512	0.103260811
-0.110484225	0.993877878	1.836303569
0.959618447	0.281304882	0.541726337
0.957405516	0.288746736	1.84623882
0.987466688	0.157827562	1.670851278
0.00186553	0.99999826	0.453264818
-0.000860576	-0.99999963	1.657669779
-0.459079323	0.888395281	1.233017606
-0.655018127	0.755613163	1.806140564
-0.974815868	0.223011261	0.009124979
0.966039345	-0.258395017	1.565598473
0.825060448	0.565044473	1.175090102
0.994844918	-0.101408032	1.892262972
0.735120418	-0.677936553	0.463015666
0.910933777	-0.412552607	1.56891978
-0.927324112	0.374259256	1.899738377
-0.44038983	-0.897806659	1.856358766
0.913399372	0.407064599	1.462884156
-0.466083027	-0.884740986	1.492073549
0.410271862	0.911963266	1.717756519
-0.593825304	-0.804594002	0.017094157
-0.537065451	0.843540575	0.261278002
0.991180643	0.132517669	1.649535879
0.771461401	-0.636276125	1.32667271
-0.629842491	0.776722883	1.691850374
-0.999946918	-0.01030346	0.679100021
-0.431806985	-0.901966035	0.179196835
-0.841657611	0.540011543	1.768535675
0.857451696	-0.514564466	1.342596799
0.87226259	-0.489037804	1.991698951
0.896420682	0.443204198	1.546611119
0.993969661	-0.10965543	0.139368623
-0.279397493	-0.960175526	0.027284572
0.719211223	0.694791491	1.682473951
0.202748146	-0.979230917	0.429624037
0.943969298	0.330033277	0.270665431
0.68163324	0.731694011	1.838387941
0.611262395	-0.791428003	1.984265537
0.884672144	-0.466213682	1.534605261
0.675278876	-0.737562499	0.072775917
-0.99998473	-0.005526221	1.374148087
0.839364836	-0.543568462	1.147286777
0.135190426	-0.990819635	1.852498087
-0.25134956	-0.967896378	1.814351937
-0.260301756	0.965527315	0.87953329
-0.589542235	0.807737552	1.396148024
-0.651892438	-0.758311446	0.523925425
-0.270341519	-0.96276449	0.725666204
0.73783632	0.674979677	0.195074658
-0.725213304	-0.688524265	0.2082126
-0.99945483	-0.033015799	0.316570029
-0.970555358	0.240878179	1.327509188
-0.027599968	0.999619048	0.439076485
0.792074901	-0.610423911	1.948294592
-0.512665074	-0.85858868	1.410616217
0.306440092	-0.951889946	1.704295685
0.581717299	-0.81339104	0.337879311
-0.777546895	0.628824957	0.251483114
0.792536176	0.6098249	1.228286602
0.842296089	-0.539015119	0.63425378
-0.962045761	-0.27288817	1.828813832
-0.997578574	-0.069548469	0.185523711
0.791601325	-0.611037922	1.085243587
0.453172976	0.891422601	0.126409484
-0.132848645	-0.991136336	0.406364902
-0.995040377	0.099471842	0.406388815
0.526180011	0.85037321	1.869007759
-0.511339382	-0.859378867	0.213093393
-0.307530965	-0.951538074	0.519123539
-0.98939722	-0.145234776	0.785652014
0.611726007	0.791069714	0.355028177
0.792030818	-0.610481108	1.032299647
0.820641864	0.57144285	1.393444524
0.746823583	-0.665022208	0.325457692
-0.923097397	0.384566243	0.331481542
0.900477805	0.43490197	0.68653826
0.874532519	0.484966878	0.195228604
0.880976126	-0.473160719	0.21193781
0.801767897	0.597635541	1.16617202
-0.954885989	0.296972638	1.983924796
-0.083539162	-0.996504495	1.703330792
0.38091342	-0.924610711	1.579388931
-0.949841281	-0.31273238	1.736551725
0.579947102	-0.814654134	1.406971932
0.917489547	-0.397759891	1.482864477
-0.963781119	0.266694498	1.557739633
-0.75786539	-0.652410953	0.256797366
-0.998990314	0.044926081	1.030663002
-0.993146166	-0.116878966	1.628658205
0.102876321	-0.994694155	0.13940656
-0.093186303	0.995648689	0.14790233
-0.994876972	-0.101093079	1.318944122
-0.233065755	0.972460978	1.641918411
0.978686364	0.205360659	0.352875565
0.715205846	0.69891387	1.710585453
0.958954541	0.283559848	0.086638925
0.821926052	-0.56959421	0.327937856
0.809615788	0.586960199	0.679833886
0.07793502	0.996958441	1.647875303
0.985198816	-0.171415556	0.45714433
0.950490377	-0.310753993	1.788780615
0.836519728	0.547936807	1.88595733
-0.617761237	-0.786365725	1.764267039
-0.996158662	0.087566662	0.446556787
0.041171843	0.99915208	1.891170436
-0.158275525	-0.987394986	1.300322035
-0.143570926	-0.98964003	1.63963575
0.853579552	0.520962522	1.501035994
-0.998582072	0.053233881	0.071322706
-0.958677037	0.28449664	0.392864441
-0.697981871	0.716115429	1.786956469
-0.960093624	0.279678802	1.825242275
0.306375983	-0.951910582	1.738192643
-0.607272299	0.794493773	1.488277865
-0.399063658	0.916923223	0.263299839
-0.292428769	-0.956287308	1.511191889
0.858319365	0.513115843	0.837636337
-0.470989092	-0.882139034	1.919903732
-0.996423245	-0.084502768	0.128119639
0.8893482	0.457230554	1.34904955
0.458269707	-0.888813184	0.114171907
0.667038182	-0.745023533	1.958207368
0.657498493	0.753455859	1.786617704
0.991918399	0.126877463	1.677703063
0.145553472	-0.989350386	1.831630253
0.240268197	-0.970706544	0.219788518
0.601313373	-0.799013284	1.82022158
0.180536438	0.983568297	0.017808658
-0.968497571	0.249023	0.381753987
-0.996344745	0.085423348	0.221854394
-0.07867242	-0.996900522	0.23435776
-0.981192228	-0.193033188	0.319413224
0.994039954	0.109016377	1.987600427
0.505833486	0.862631141	1.761760351
0.511555613	0.85925017	0.451368492
-0.151262864	-0.988493574	0.23470278
-0.986454792	0.164033361	1.782827626
0.240852827	0.97056165	1.689622826
-0.969097267	0.246678916	1.924982573
0.942281686	0.334821182	0.407158079
0.93607718	0.351794704	0.082795442
0.225737811	-0.974188093	0.353651189
0.509478502	-0.860483385	0.103659704
0.663843807	0.747871246	1.466129369
0.01207298	0.999927119	1.559459839
-0.629033421	-0.777378258	0.237871438
0.863043395	-0.505129784	0.227730657
0.980951891	0.194250838	1.997826588
-0.739883065	-0.672735498	1.813857987
0.936370746	0.351012573	1.475268877
-0.227541434	-0.973768399	0.415512698
-0.001634996	-0.999998663	1.581292613
0.801702183	0.59772369	1.019237324
-0.999620206	0.027558	0.293659443
-0.165495747	0.986210504	1.781050508
0.799255171	0.600991823	0.557080366
-0.056097331	-0.998425305	1.723511143
-0.290851359	0.956768252	1.571694145
0.446652835	0.894707352	1.962796184
-0.057519162	-0.998344402	0.403349415
0.996636064	-0.081954599	1.934588878
0.373990187	-0.927432661	1.901739801
0.624329086	-0.781161438	1.749948519
0.045097815	0.998982576	0.339122526
0.397782926	0.91747956	1.741883414
-0.990263704	0.139204151	0.776251912
-0.999929692	0.011857913	0.958241659
-0.893415236	0.449231807	1.891194029
-0.452016233	0.892009711	1.863524014
-0.904334984	0.426823426	0.170355578
-0.915189072	-0.403024767	0.17800909
-0.994302357	0.106596545	0.908154126
-0.859126673	-0.511762992	1.665216351
0.870855051	0.491539908	1.909763027
-0.990279483	-0.139091859	1.987662434
-0.042941104	0.999077605	1.869858032
-0.066584547	-0.997780787	0.108533364
-0.972087581	0.234618277	0.029177878
0.899913075	0.436069326	0.571939761
0.696135554	0.717910364	0.143772811
-0.874453072	-0.485110115	0.010160853
-0.599143527	0.800641639	1.456384735
0.73210059	-0.68119654	1.500737329
0.78148895	-0.623919082	0.951383661
-0.921502339	0.388372809	1.77595794
0.84356332	0.537029725	1.749271865
0.935417655	-0.353544638	0.541622038
-0.387913974	0.921695584	1.996865495
0.268951066	-0.963153842	1.550749021
-0.922880997	-0.38508527	1.769621848
0.096791726	-0.995304658	0.519619671
-0.907628219	-0.41977496	1.777091238
-0.977442742	0.211200582	1.700132558
-0.999530096	0.03065268	1.16437338
-0.337288587	0.941401301	1.462459457
-0.962773711	-0.270308678	0.468708756
-0.403300892	-0.915067424	1.460251667
-0.378139963	-0.925748437	1.926661986
-0.960876132	-0.276978446	0.456594769
-0.231955972	0.972726286	0.234402054
0.919598296	-0.392859992	0.491722732
-0.667881075	-0.744268009	0.212710468
0.765220401	-0.643768388	0.835843673
0.751636823	0.659577203	0.697525753
-0.973417213	0.229039145	0.244012316
0.351136694	0.936324208	0.318858189
0.653185223	-0.757198167	0.641219032
-0.113371497	-0.993552668	1.995305923
0.907241133	0.420610897	1.950726304
-0.13231865	-0.991207231	1.626554088
0.996523784	-0.083308751	1.991589984
-0.999973678	-0.007255552	1.38575092
-0.632799157	0.774315973	0.075638526
0.985965833	0.166947224	0.272045128
-0.301575487	0.953442303	1.25513175
0.019652186	-0.999806877	1.731893842
-0.416171028	-0.909286355	1.438121369
-0.047012115	-0.998894319	0.029394468
-0.367469937	-0.9300354	1.249947376
-0.042208924	0.999108806	1.366905313
-0.007643489	-0.999970788	0.522618226
0.633891982	0.77342159	1.34120195
-0.710552184	-0.703644508	1.668762116
-0.672681964	-0.739931737	0.112074032
0.760478337	0.649363303	0.974788944
-0.442123946	-0.896953966	1.672847341
0.182314885	-0.983240196	0.35146647
-0.126643244	-0.99194833	1.359298109
0.643069831	0.765807543	1.442446841
0.970033393	-0.242971639	1.479916335
-0.997785621	-0.066512059	0.657955235
-0.067877142	-0.997693687	0.149781703
-0.655327931	0.755344493	0.423108135
-0.971617009	0.236559482	1.450182075
0.173501815	-0.98483355	1.484367797
0.855863523	-0.51720173	1.241442869
-0.197751226	-0.980252239	1.724419421
0.085940575	0.996300265	1.76185804
0.717137004	0.696932219	0.571620298
0.118324462	-0.992974985	1.761883466
0.304336596	-0.952564558	0.126631026
0.867698678	0.497090538	0.948127657
0.827105301	-0.562046992	1.980238974
-0.398112892	0.91733643	1.001053753
-0.77269741	-0.634774536	1.991040137
-0.572167491	-0.820136795	1.94363472
0.998962198	-0.045546967	1.641567529
0.904756773	0.425928611	1.6615282
-0.832666647	0.553774552	0.200175971
-0.406014385	0.913866686	0.579777319
-0.011824847	0.999930084	1.899693521
-0.387265451	-0.921968259	0.878964445
0.951574366	0.307418649	1.977379218
-0.982390951	0.186836877	1.395955597
-0.913194544	0.407523895	0.336247274
-0.699555729	0.714578045	0.522298493
-0.410086372	-0.912046692	1.687153844
-0.349652026	0.936879641	0.980712054
-0.536820654	0.843696382	1.519639291
-0.052165893	-0.998638433	1.967871069
0.716614194	0.697469782	1.878482994
0.331127589	-0.94358599	0.158570376
-0.189669916	0.981847912	0.807856462
0.129870405	-0.991530977	1.492181432
0.631270317	0.775562884	0.214852609
-0.998398223	0.056577274	0.885032556
-0.022823321	-0.999739514	1.383320988
-0.910226518	0.414110716	1.466451066
-0.833274248	0.552859862	1.573657973
0.903272598	-0.429067143	1.811874144
0.561020696	-0.827801775	0.336671491
-0.988036262	0.154221737	0.5317396
-0.991190778	0.132441846	1.462226765
0.860725728	-0.509068975	1.08453825
-0.385026855	-0.922905369	1.487348031
-0.11730718	0.993095678	1.915481508
-0.23741249	0.97140893	1.933896874
0.915867038	0.401481717	1.371689143
-0.995836747	-0.091154665	0.799538474
-0.115390732	0.993320179	0.232420505
-0.212612959	0.977136495	0.005537866
-0.018068592	-0.99983675	0.555635422
-0.994493301	-0.104800162	1.870263645
0.834542637	-0.550943361	1.719655845
-0.039363282	-0.999224966	0.23642998
0.380686317	-0.924704238	0.190776234
-0.689646802	0.724145903	1.502267535
-0.832444427	-0.554108541	1.747864042
0.688013846	-0.72569756	1.297591159
-0.913533846	-0.406762723	1.60710879
0.833769484	-0.552112713	0.588846808
-0.178011592	-0.98402839	0.50260548
0.999247566	-0.038785322	0.126599837
-0.287246024	-0.957856838	1.895052718
0.02816581	0.999603265	1.567971428
-0.76148276	0.648185164	1.920814387
0.722457077	-0.691415774	1.400523257
-0.266155888	0.963929999	0.503746682
-0.458179081	-0.888859904	1.442956543
-0.315640546	0.948878836	1.511098991
-0.070417179	0.997517629	0.554021863
0.789074429	-0.614297603	1.27716337
0.807336382	0.59009149	0.838643005
0.877139918	-0.480234906	1.879350066
0.921002029	-0.389557779	0.026410959
0.675161349	-0.737670084	0.105356566
0.992098213	-0.125463686	1.853061029
-0.99898375	0.045071797	1.849647669
-0.75213962	-0.659003787	0.197738229
-0.757489279	0.652847602	0.182659237
-0.999744914	0.022585529	1.895636799
0.902892507	-0.429866398	1.933743051
0.713330506	-0.700827789	1.748094987
-0.657218674	0.75369995	0.324677258
0.527061113	0.849827385	0.401628987
0.789376942	-0.613908824	0.166762418
0.850181173	-0.526490241	1.506323015
0.855001529	0.518625476	0.02757678
-0.994130974	-0.108183212	1.905780772
0.453216931	0.891400255	0.497857286
0.919373692	-0.393385325	1.460985199
0.279771348	-0.960066661	0.413935519
0.908883104	-0.417050961	0.632413104
0.7708896	0.636968778	0.323722481
0.780452548	-0.625215019	0.162097587
-0.971517674	0.236967106	0.510513678
-0.234393247	-0.972141865	1.113731117
0.994989744	-0.099977049	1.789782657
0.752410328	-0.658694693	0.082656832
0.446288176	0.894889302	0.26213776
-0.480667567	-0.876902897	0.623944746
-0.576313263	0.817228868	1.381731431
0.836944417	-0.547287898	0.468716823
0.878620201	-0.477521248	0.515856842
0.782070362	-0.623190139	0.174422547
-0.376812158	0.926289694	0.77958785
-0.35143558	-0.936212066	0.309222388
0.619812853	-0.784749659	0.244034724
0.998775914	0.049463859	0.086747561
0.97189598	-0.235410715	0.310068228
0.905395448	-0.424569291	0.105412602
-0.122327707	0.992489764	1.383270568
-0.42328365	-0.905997214	0.497132086
-0.4214524	-0.906850525	1.630247596
0.728128217	-0.685440952	0.779616573
0.351149073	0.936319566	1.9035073
0.132916271	-0.99112727	1.99121228
-0.824448442	0.56593707	1.928759562
0.999977315	0.006735697	0.491216098
-0.123907839	0.99229373	1.515871642
0.524307173	0.851529206	1.7942651
-0.574866956	0.818246896	0.062500054
0.930934524	0.365186134	0.018762545
-0.809153756	0.587596971	0.351979645
0.19257582	-0.981282097	1.958885132
-0.915754064	-0.401739337	1.91646417
0.134646963	-0.990893635	1.778739554
-0.974969398	-0.222339093	1.953297731
0.164794576	0.986327911	0.34139078
0.687181732	0.726485559	1.482587838
0.890214556	0.455541484	1.702722483
0.486962895	0.873422658	0.535493605
0.651999744	0.758219185	1.976573027
0.74057665	0.671971893	0.823040971
0.09163117	0.995793015	1.864463704
0.32168587	-0.946846451	1.729780549
-0.079864586	0.996805722	0.09721501
0.435626895	0.900127329	0.049486613
0.878437028	-0.477858125	0.399180688
0.916820856	-0.399298783	1.485916428
0.269861012	0.962899285	0.464947025
-0.600502008	0.799623248	0.092397991
-0.995142098	0.098448998	0.471271601
0.150187087	-0.988657594	1.975839038
0.139347057	0.990243605	0.35733763
-0.344185512	-0.938901663	1.884765235
0.623809246	-0.781576627	1.754225095
-0.794542737	0.607208233	1.510112311
-0.159752191	-0.987157149	1.887232861
0.269348221	-0.963042853	0.039271138
0.789403601	0.613874543	1.833054102
0.928933728	0.370246038	1.36875226
-0.355509138	0.934672805	1.708136209
0.06940218	-0.997588762	0.396958722
-0.977465075	-0.211097198	1.465722035
-0.208995303	-0.977916644	1.777810524
0.304003556	0.952670897	0.336852852
0.862171089	0.506617226	0.50801372
0.75673347	-0.653723531	1.372779404
0.137299301	-0.990529607	1.48197342
-0.133651608	-0.991028379	0.07425305
-0.688884659	-0.724870972	1.931579564
0.999509969	0.031302093	0.316261194
-0.158549475	-0.987351034	0.531582233
-0.644794732	-0.764355777	1.846510207
0.94810934	0.31794446	1.937475949
0.783417698	0.621495544	0.874546017
0.108085263	-0.994141628	1.551012627
-0.186321893	0.982488754	1.100313658
-0.072782378	-0.997347846	0.523363142
0.394556759	0.918871571	1.62649663
0.024013369	0.999711637	1.828422959
0.548175941	0.836363042	0.18758793
0.737925403	-0.674882285	0.06991473
0.918347202	-0.395775714	0.548367616
0.799542049	0.600610116	0.358729801
0.89650791	-0.443027728	1.708976243
-0.989379837	-0.145353149	0.401831101
0.67372112	-0.738985692	0.497174086
0.999973754	0.007245124	0.296362966
0.789403883	-0.61387418	0.769749349
-0.864868687	-0.501998161	1.784980004
-0.687575867	-0.726112545	0.401261482
0.297937125	-0.954585496	0.07006395
-0.64530685	-0.763923471	1.529804937
0.770317549	0.637660469	1.034647866
-0.963507364	-0.267681825	0.189663202
0.955870038	0.29378984	0.338028487
-0.98230269	0.18730036	1.765004157
0.058122614	0.998309452	0.362400747
0.989999463	-0.141071126	0.036513268
-0.997299053	0.073447926	0.902551876
-0.989478456	0.144680287	0.214958394
0.957013551	0.29004321	1.908696084
-0.291412406	0.956597517	0.267805693
0.744231873	-0.667921342	1.986924306
0.341565706	0.939857898	1.806789834
-0.830329323	0.557273017	0.15477479
0.076890547	-0.99703954	1.992606725
-0.098656389	-0.995121559	0.598188497
0.841802334	0.539785911	0.218344053
0.934685189	-0.355476578	0.240945039
0.884565461	-0.466416064	0.691138398
0.562111261	-0.827061624	1.441346487
0.364201601	-0.931320135	0.254789641
-0.509428774	-0.860512826	1.894910858
-0.156470742	0.987682594	1.604382464
0.186727997	-0.982411653	1.490209039
-0.809950577	0.586498136	0.091694359
0.73341572	0.679780393	1.770701037
0.542374882	-0.840136588	1.924217278
-0.235923143	-0.971771717	0.464645052
-0.917410824	0.397941428	0.100338255
0.680617999	-0.732638478	1.918418759
0.923891961	-0.382653426	0.079827426
0.60942128	0.792846583	1.475713396
0.931200216	0.364508105	1.719321114
0.848005327	0.529987703	1.693259054
0.771429611	0.636314666	1.295453069
-0.997472982	-0.071046812	0.900114695
0.43323749	0.9012798	1.507629417
-0.999677071	-0.025411667	0.052895336
-0.105073462	-0.994464463	0.02479574
0.981618884	0.190851689	1.58122034
0.230351178	-0.973107566	1.619400627
-0.843181418	-0.537629144	0.422856249
0.082469071	-0.996593624	1.735133927
-0.987986163	-0.154542363	0.142693401
-0.7397195	0.672915345	0.47172846
0.88518475	-0.465239678	1.703297892
0.25797035	-0.966152834	1.77355423
-0.993724666	-0.111853868	0.243233539
0.989058044	-0.147526895	1.98169126
0.484354149	0.874872024	0.151417597
0.772286157	-0.635274815	1.562040831
0.990452611	-0.137853639	1.760052439
-0.998234111	0.059402516	1.452859954
-0.99138496	-0.130980386	1.380442562
0.756977927	-0.653440448	0.884867708
0.997155983	0.075365415	0.111855877
-0.783298771	0.621645426	0.084523069
-0.647148704	-0.762363795	1.512142446
-0.491602828	0.870819533	0.500913409
0.257412459	-0.966301623	0.435059572
0.191975655	-0.981399688	1.577517955
0.830126473	-0.557575142	1.870132881
0.055211624	-0.998474675	0.204678294
0.839845763	-0.542825105	1.450161043
-0.598891427	0.800830231	0.009416271
-0.382876198	-0.923799663	0.859446594
0.906882354	-0.421383906	0.127972087
-0.140895708	-0.990024444	0.764224332
-0.183269033	-0.983062796	0.505632841
-0.109697393	0.993965031	0.63534175
0.917956231	-0.396681683	1.331781007
-0.894280261	0.447507334	1.720836644
0.990154053	-0.139981971	0.476619358
-0.811293571	-0.584638984	0.217009811
0.98357772	-0.180485095	1.775192317
-0.169690975	-0.985497323	1.26475218
-0.99182987	-0.127567662	1.204233614
-0.999996328	0.002710038	1.703456778
-0.630621965	0.776090161	1.485310317
-0.988728791	-0.14971766	0.210220814
-0.607997586	0.793938874	0.15375861
-0.295596786	-0.955312797	1.628631643
-0.928976796	0.370137964	0.129624757
0.909637493	0.415402975	0.173314463
-0.170986061	-0.985273448	0.069439174
-0.152554947	0.98829499	0.25047941
-0.330948475	0.943648826	1.44371249
-0.99646186	0.084046183	0.097910049
-0.999936638	-0.011256989	0.782865307
0.367822534	0.929896007	0.035807887
-0.177631426	-0.984097087	0.410224496
-0.954757883	0.297384238	0.609993631
0.935679893	-0.352850023	1.694520556
-0.990209427	-0.139589725	0.578146616
0.898298922	-0.43938485	0.068726439
0.860708627	-0.509097887	0.954047502
-0.824879735	0.565308255	1.568864052
0.623916719	0.781490837	0.111355
0.961353113	-0.275318348	0.163830402
0.811048956	-0.584978283	1.931013321
-0.970529812	0.240981085	0.603508707
-0.412359973	-0.911020995	1.893139093
0.996011514	-0.0892248	0.348109518
0.865867504	0.500273392	0.573688755
-0.997121945	-0.075814417	1.290172776
0.979908358	-0.199448264	0.220338875
-0.972625599	-0.232377805	0.240774314
0.646722224	-0.762725616	0.64125675
-0.140715735	-0.99005004	1.354901144
0.852771951	-0.522283447	0.821191715
-0.374881411	-0.927072774	1.658315905
-0.997963158	-0.063792907	1.901141347
-0.07671921	0.997052738	0.662905664
-0.605138164	-0.79612047	0.197654417
0.661030731	-0.75035883	0.417715733
0.884163053	-0.467178441	1.428456325
-0.286141535	-0.958187363	1.918520075
-0.298397902	0.95444156	1.182338396
-0.970565535	0.24083717	0.380403417
-0.600615694	-0.799537859	1.896709848
-0.453721652	-0.891143458	0.316373193
0.329353307	0.944206757	0.391639037
-0.943326313	0.331866642	0.410993312
0.930924051	-0.36521283	0.529308031
0.960109073	0.279625765	0.3414887
0.855818949	0.517275485	0.422356677
0.318299869	-0.947990081	0.452683291
-0.053505426	-0.998567559	0.339383399
0.389044128	-0.92121912	1.651081293
0.947989893	0.318300428	0.098681674
0.207633819	0.978206623	1.531669094
-0.221355201	-0.97519325	0.640386397
0.997019841	0.077145556	0.4850603
0.346275408	-0.938132902	1.502996099
0.487864649	0.872919289	0.446247221
0.5594684	0.828851681	0.073297343
-0.154637145	-0.987971332	1.720788009
-0.694715026	-0.719285084	0.29889746
-0.919013543	-0.394225959	1.658065103
0.019987028	0.999800239	0.4913161
-0.652272233	0.757984784	0.10692591
0.224194373	0.974544449	0.298647217
0.971483193	0.237108427	0.162888611
0.187923016	-0.982183761	1.869220494
0.220989192	-0.975276257	0.485938946
-0.926662147	-0.375895284	0.20706165
-0.387809129	-0.921739703	1.559432678
-0.589857107	-0.807507643	1.851740111
0.965082558	-0.261945902	1.622571154
-0.999978902	0.006495887	1.833171553
-0.955700639	0.294340431	1.847806438
0.998796875	0.049038786	1.616984678
-0.862704751	-0.505707932	0.284453019
0.888446227	0.458980721	0.713084326
0.745508306	0.666496336	0.043418284
-0.283332912	0.959021616	0.041827314
0.761095057	-0.648640358	0.831944093
-0.902271471	-0.431168405	1.640199744
-0.625317417	0.780370507	0.105779596
-0.075107891	-0.997175413	0.377095957
-0.958051465	-0.286596214	0.093723944
-0.451432764	-0.892305138	1.688822851
-0.889954264	-0.456049787	0.486814875
0.685015733	-0.728528274	0.086474243
0.252225008	-0.967668613	0.109451911
-0.475272751	0.879838515	0.497127598
-0.305548952	0.952176369	1.967336033
-0.196215818	-0.980560734	1.390835858
-0.990610525	0.136714253	0.6261592
-0.43288365	-0.901449802	1.794335975
0.84068809	-0.541519653	0.235566379
-0.501675398	0.865055949	1.543177817
-0.841062863	-0.54093739	1.962681493
-0.394492299	0.918899247	1.185483889
0.999453977	0.033041614	1.538548202
-0.358776704	0.933423418	0.644310458
0.315224929	-0.949016988	1.897791834
0.764469806	-0.644659535	0.319753946
-0.313119084	-0.949713872	1.978411252
0.442652604	0.896693187	0.245483717
0.885856511	0.463959311	0.072297241
0.376692479	-0.92633837	0.379611026
-0.999754358	0.022163571	1.172177682
0.018778004	-0.999823678	1.407287748
-0.791799242	0.610781434	1.858847557
0.280922627	-0.959730419	1.702399449
0.84529312	-0.534302856	0.757942616
0.879906952	0.475146036	1.159004114
-0.685835453	0.727756643	1.570403309
-0.225460303	-0.974252355	1.759930945
0.411157262	0.911564428	0.249724287
-0.87053231	-0.492111265	0.219789316
-0.248115585	0.968730435	1.008970684
-0.999190584	0.040226559	1.569034248
-0.440442364	-0.897780889	0.327818459
0.174102213	0.984727586	0.357139255
-0.994917679	-0.100691672	0.810920266
-0.999769439	0.02147253	0.43717967
-0.779139409	-0.626850685	0.007165407
0.897742309	-0.440520994	1.790293308
-0.999937964	-0.011138549	1.811286971
0.965672663	0.259762021	0.405372076
0.842214062	0.539143278	1.745455183
0.66683077	-0.745209181	0.160613184
0.967211614	-0.253971837	0.35474838
-0.751742655	0.659456579	1.855099471
0.996612601	0.082239424	0.098758804
0.820139918	-0.572163014	0.083899167
0.576982685	-0.816756378	0.086534327
0.319161454	0.947700357	1.766763951
-0.210345371	-0.97762714	1.327547894
0.939773374	-0.341798193	1.408992716
0.939905706	0.341434128	0.041330939
0.569673745	-0.821870929	0.103057344
0.969845381	0.243721024	0.306819766
-0.830150415	0.557539495	0.239085815
-0.439090285	0.898442943	1.800709489
-0.662274173	0.749261583	0.255955175
0.78954217	0.613696311	1.704054649
-0.634228482	-0.773145673	1.937002055
0.912351708	-0.409407329	0.122713668
0.114217806	-0.993455733	1.53476454
0.362154909	0.932117923	1.621091122
-0.617502069	0.786569256	0.338307958
0.811255802	0.584691392	1.751996775
-0.470224733	0.882546713	0.610009959
0.762179079	0.647366242	1.042609801
-0.842271638	-0.539053325	1.969825628
-0.722716627	-0.69114447	0.104051034
-0.617195048	0.786810189	0.35031421
-0.977555582	0.210677676	1.778474572
0.788935713	0.614475744	1.028388539
-0.995244465	0.097408696	1.971761054
-0.923059489	-0.384657223	1.482427663
-0.561969027	-0.827158276	0.35774314
-0.501958752	0.86489156	0.511610965
0.940960353	-0.338516785	1.94834093
0.606038044	0.79543566	1.742013612
-0.993043147	-0.117751045	1.207161672
-0.901092027	-0.433627904	0.318764614
0.302542048	-0.953136039	1.939173916
-0.756439149	0.654064075	0.329911416
-0.776698046	0.629873118	0.097736448
-0.882223506	-0.470830845	0.106188548
-0.921739141	0.387810464	0.212742262
0.984924956	-0.172982169	0.297623911
0.600744404	-0.799441156	0.499440162
0.67076269	-0.741672039	0.657962363
0.01020665	-0.999947911	0.283593336
0.984198665	0.177067749	1.58564541
0.781818443	-0.623506152	1.583800461
0.585840317	0.810426507	1.630163379
0.44663982	-0.894713849	1.537763146
-0.999827257	0.018586466	1.125268864
-0.907866842	-0.419258628	1.651740179
0.883522008	0.468389648	0.181926478
-0.447783118	0.894142203	0.761469029
-0.987874478	-0.155254681	1.765756077
-0.493933304	0.869499794	0.720914681
0.735614666	-0.677400223	1.809632189
0.96170787	0.274076581	0.203694704
-0.539706757	-0.841853085	0.585746593
0.828950966	0.559321282	0.470982417
0.51188808	-0.859052148	1.682110605
-0.387894964	-0.921703584	1.087082849
-0.646369496	-0.763024557	1.571157842
0.912883136	0.408220994	1.891726344
-0.81931789	-0.573339511	0.255113334
0.82205929	0.569401899	0.317863411
0.943032678	0.332700118	0.079819966
0.927847974	-0.372958626	0.094702133
0.807231584	-0.590234843	0.55856368
0.999663419	0.025943198	0.295023755
-0.948274535	-0.317451423	0.571776073
0.973686083	0.227893424	0.551720877
-0.895986462	-0.444081366	0.253632241
-0.996502497	-0.083562995	1.555754636
0.199210267	-0.979956769	1.524655696
-0.27373157	-0.961806128	1.349469359
0.213324246	0.976981456	0.090883909
-0.537485933	0.843272715	1.427348815
-0.748302728	0.66335739	1.885652079
0.881950783	0.471341508	0.603053035
-0.538938953	0.842344825	0.186481636
-0.559036562	0.829143005	1.4019836
-0.679027412	-0.734112916	1.490051678
0.296419839	-0.955057736	1.862426951
-0.942158282	0.335168273	0.122194077
0.971835603	0.235659841	1.814460903
0.207771601	0.978177367	0.018021454
0.856147211	0.516731994	1.930677998
-0.446349816	0.894858559	1.918981769
0.900515569	-0.434823769	1.239941826
-0.991750894	-0.128180205	1.761748095
-0.27895114	0.960305296	0.877680838
0.611388643	0.791330479	1.640393754
0.77062023	0.637294642	0.288176839
-0.997842368	0.065655231	1.524130431
0.907391701	0.420285976	0.481583611
-0.87992791	0.475107224	0.084141759
-0.376989665	0.926217465	1.303532702
-0.161405209	0.98688822	1.365136623
-0.292113627	-0.95638362	0.657901774
-0.066529243	-0.997784476	0.486940504
-0.361551285	-0.932352223	0.68883694
0.512755216	-0.85853485	0.308130121
0.761617675	0.648026633	0.351532592
-0.991074375	0.133310102	1.352045922
-0.183218633	0.983072191	0.225675543
-0.608524437	0.793535134	1.648547483
-0.456139366	0.889908354	0.228359415
-0.081760704	-0.996651989	1.444338006
0.764676474	0.644414378	1.599864759
-0.996446037	0.084233571	0.683526825
-0.946206785	0.323562546	0.181439299
-0.515052835	0.857158431	0.121084581
0.884944658	-0.465696201	1.504205286
-0.079118895	0.996865187	1.80009163
-0.946874727	-0.321602629	0.361525246
-0.9892318	0.146357255	1.534398762
-0.531743356	0.846905546	1.886924812
0.898886777	0.43818097	1.35285898
-0.999170888	0.040712852	0.012820824
-0.80413081	0.594452387	0.150576843
-0.358393967	-0.933570439	1.663162832
0.987524354	0.157466346	1.726365604
0.742246049	-0.670127453	1.643496147
0.969387266	-0.245536818	0.470436369
0.482159206	0.876083615	0.206746381
0.96123322	0.275736645	0.186696846
0.232517081	0.972592313	1.557753056
0.983164788	-0.182721096	1.911840961
0.908000501	0.418969081	0.689007682
0.854621517	0.519251445	1.444068341
-0.197858666	0.980230559	1.480619464
-0.383768491	0.92342934	1.702471714
0.908425958	-0.418045786	1.78750484
0.16952578	-0.985525753	0.099875482
0.753293927	-0.657684012	0.564403686
-0.707260496	-0.706953033	1.69483598
0.954902206	-0.296920488	1.78315867
-0.963928773	0.26616033	0.16417581
0.467441786	0.884023855	0.066245895
-0.639450924	-0.768831916	0.309018458
0.700516062	0.713636635	0.684608341
-0.990785275	0.135442016	0.727679986
0.948540583	0.31665559	0.384583518
-0.231717568	-0.972783105	1.547078152
-0.05543173	0.99846248	0.511432039
-0.279364601	-0.960185097	1.070427045
-0.924365354	-0.381508444	1.717285399
0.969944492	0.24332629	0.166797737
0.895008132	-0.446049822	1.446172686
0.779610833	-0.62626428	0.584379454
-0.907525046	0.419997965	1.84070697
0.884583316	0.466382201	1.827698304
0.916604605	-0.399794945	0.195732013
-0.95984391	0.280534613	1.983324257
0.872509464	-0.488597212	1.622407039
-0.868670559	-0.49539021	1.605468119
-0.902874459	-0.429904304	1.587001779
0.951993446	0.306118408	1.622342564
0.817388003	0.576087539	1.507959841
0.812664744	0.582731511	1.475939101
-0.564873005	0.825177852	0.090780432
-0.919585469	-0.392890016	1.587152937
-0.978006921	-0.208572439	0.575050183
-0.998469997	-0.055296164	0.679483818
0.224029473	0.97458237	1.687139793
-0.835101359	-0.550096101	0.172772596
0.564110948	-0.825699	0.29756447
0.990267838	-0.139174744	0.016439092
-0.918285802	0.395918155	1.927141429
0.214200592	-0.976789694	1.514020454
-0.262020225	-0.965062382	0.036326852
-0.424951614	0.905216066	0.658122508
-0.965752925	-0.259463462	1.861149275
-0.397076709	0.917785425	1.367925189
0.947065053	-0.321041718	1.43371312
-0.997874666	-0.065162492	1.862554478
-0.840646577	0.541584096	0.389927069
-0.978259179	0.207386063	0.345674671
-0.263400782	0.964686492	0.882783341
0.967848596	0.251533486	1.884745835
-0.298850201	0.954300035	1.939974006
0.966943491	-0.254990755	1.667398858
-0.999523033	0.030882153	1.644305818
0.424410186	-0.90547004	1.63074196
-0.887422363	-0.460957211	0.430411776
0.710962238	0.703230188	1.886038449
-0.944534139	0.328413247	1.505403208
-0.67822766	-0.73485185	0.170536949
0.207574598	-0.978219191	1.564144842
-0.822623345	0.568586698	1.736053848
0.649535941	-0.760330889	1.941456246
-0.468702971	-0.883355831	1.773483019
-0.796676348	0.604406152	1.930169867
-0.149600419	-0.988746537	0.591391172
0.63536261	-0.77221393	0.652385773
-0.471604484	0.88181019	1.412414336
-0.90009527	-0.435693131	1.601454348
0.03099053	-0.999519678	0.029839434
0.494133504	-0.869386036	0.352567316
-0.370133201	-0.928978694	0.742848709
-0.986580645	0.163274712	1.749810294
0.054787421	-0.998498041	0.557725181
0.999666975	-0.025805796	0.474942626
-0.195785938	0.980646657	1.480752301
-0.977295133	0.211882568	0.065175892
0.67003733	0.742327405	1.836355683
0.900755865	-0.434325766	0.172589396
0.990891166	0.134665128	0.482397617
-0.378769198	-0.925491164	1.647195947
0.128708684	-0.991682447	1.748695553
0.391113865	-0.920342298	0.047083897
0.19876719	0.980046736	1.669436055
0.999620766	-0.027537703	0.331014826
-0.545941782	0.837823114	0.050604292
0.840408482	0.541953488	0.802744387
-0.584158938	0.811639289	0.293189408
-0.87760666	-0.479381425	1.56259079
0.841304662	-0.54056125	0.237130777
0.99616533	0.087490772	1.642357011
-0.52617937	-0.850373606	0.480370097
0.99623242	-0.086723505	0.061717251
-0.003688047	-0.999993199	0.586999231
-0.285008452	-0.958525003	0.895383553
-0.974453121	-0.224590994	0.498095808
0.917822997	-0.396989857	1.717882356
-0.41788721	-0.908498915	1.907649063
-0.644252624	-0.764812759	0.31328869
-0.140291787	0.990110203	0.720564417
-0.182986007	-0.983115518	1.537001292
-0.845018198	-0.534737547	1.681559815
-0.9556749	0.294423991	1.690390655
0.66877136	0.743468135	1.566617716
-0.344957402	-0.938618341	0.894953744
0.584075369	0.811699429	1.990161917
0.970874024	-0.239590544	0.116660485
0.824009658	-0.566575753	0.693298072
0.88983986	0.45627297	1.246195333
0.98778771	-0.155805774	1.501927787
-0.732212155	-0.681076618	1.83151841
-0.89103421	-0.45393616	0.402270877
-0.545921228	0.837836507	1.441953739
0.80294944	-0.596047143	1.045049428
0.922915851	0.385001729	0.319891431
0.922673454	-0.385582283	1.855838343
-0.981687012	0.190500946	0.395749986
0.997606005	-0.069153881	1.774807135
-0.042871163	-0.999080609	0.555089061
-0.353329726	-0.935498854	1.292997142
0.998447358	0.055703437	0.04560803
0.546599666	-0.837394056	0.200201004
0.867382911	0.497641322	0.769005283
0.289674129	0.957125331	1.713401397
-0.737822294	0.67499501	1.918970473
-0.909988467	0.414633562	1.596435924
-0.977386626	-0.211460122	0.618260562
-0.814971567	0.579500945	1.829017419
0.701395112	0.712772683	0.192622254
-0.161781346	-0.986826629	0.030606101
-0.028351343	-0.99959802	1.639932558
0.99634813	-0.085383866	1.520758804
-0.625956159	-0.779858248	1.747759136
0.533257551	0.845952944	0.493918207
-0.613412547	-0.789762653	1.650189874
0.841168017	-0.54077386	0.373592039
0.995249901	0.097353148	1.502389998
0.89743522	0.441146264	1.385050006
-0.457546865	0.889185507	0.565907434
-0.999960001	0.008944038	0.622543363
-0.869734705	-0.493519547	1.753033213
-0.162313752	-0.986739198	1.749235674
-0.372181952	-0.928159789	0.939190934
-0.262816082	0.96484595	0.621591739
0.367547457	-0.930004767	1.625570198
-0.990331824	-0.138718701	0.003916926
-0.524976033	-0.85111701	0.65523122
-0.984835113	0.17349294	1.964139488
-0.147783144	-0.989019789	1.873816837
0.163130429	-0.986604512	0.496834858
-0.395945914	-0.918273834	1.666824216
0.677762459	0.735280932	0.342916648
-0.782866326	-0.622189935	0.029486359
-0.039704934	-0.999211448	1.542264782
-0.168878178	-0.985636932	1.452049922
0.943424387	-0.331587736	0.448198554
-0.844557755	-0.53546447	0.051311617
-0.467392764	-0.884049775	1.930711934
-0.220896428	0.975297272	0.282581659
0.019562197	-0.999808642	1.565655594
0.809035364	-0.587759967	1.460099237
0.863649606	0.504092609	1.695429931
-0.855282655	-0.518161732	1.779570997
-0.90559136	0.424151258	1.884517331
0.254856612	-0.966978856	0.222364067
-0.243191253	0.969978358	0.224765247
0.957768676	-0.287539847	0.023553975
-0.48487476	0.874583596	0.704025797
-0.550180344	0.835045861	0.241508279
-0.921069796	0.389397523	0.367578571
-0.14071946	0.990049511	0.37376504
-0.917918689	0.396768548	0.328772473
0.686212911	0.727400743	0.268957886
-0.926060127	-0.377375994	0.014169669
-0.972426564	0.2332093	0.275538314
0.834397459	0.551163206	0.818261774
0.514498134	0.857491499	1.946068819
0.470546863	-0.882375005	0.074508923
-0.531430415	-0.84710195	0.255548443
-0.981963398	0.189071109	1.441596651
0.725827905	0.687876335	0.652834309
-0.106514139	-0.994311188	0.424748286
0.852200932	-0.523214651	1.991371304
-0.885659832	0.464334645	0.071816425
-0.234031596	-0.972228992	0.721423003
-0.86713216	-0.498078124	1.795552009
-0.858031991	0.513596244	0.485798827
-0.966195346	0.257811081	0.004787948
0.293061052	0.95609373	1.782851802
0.533537661	-0.845776309	1.826058882
-0.808598378	0.588360997	1.867730342
0.842322568	0.53897374	0.100037671
-0.737445537	0.675406604	0.1809836
-0.991988568	-0.126327674	1.347230467
-0.54764239	-0.836712503	1.997694538
-0.901091997	-0.433627965	1.688567723
0.826466004	-0.562986629	1.667047115
0.936144826	0.351614655	0.637386727
-0.997984212	-0.063462682	0.339502371
-0.999489419	-0.031951559	1.721716884
0.673967818	0.738760706	0.415839154
-0.761911908	0.647680666	0.099295771
0.75899363	0.651098049	0.835067871
0.642118258	0.766605598	1.416103157
-0.164710265	0.986341994	0.753088993
0.960664492	0.277711602	1.904576458
-0.455320644	-0.89032753	0.145656128
0.783790349	0.621025514	1.395669046
-0.342037602	-0.939686266	0.77417718
-0.357039868	0.934089146	0.545581517
0.559313392	0.828956289	0.411995362
-0.963031339	0.269389384	1.985049369
0.578337172	0.81579784	0.244382101
-0.971112949	0.238620284	0.109020778
0.2193066	0.975655992	0.077504407
0.370788149	0.928717475	1.500523362
0.740756811	-0.671773286	0.84808917
-0.432757155	0.901510535	0.211129154
-0.992784691	-0.119910622	0.362510588
0.995778621	-0.091787457	0.444456055
-0.408751744	0.912645611	1.073104677
-0.386447737	-0.922311307	0.271285077
-0.956886344	0.290462603	0.556351258
0.469738699	-0.882805502	1.945683227
0.928013144	0.372547452	0.015146396
-0.351937922	-0.936023343	1.377060365
0.790992602	0.611825713	0.96442492
-0.047657608	0.998863731	1.654085037
0.385916111	-0.922533877	1.94974283
-0.947419818	-0.319993262	0.555860287
-0.378832713	0.925465167	0.082746152
-0.09551406	0.995428081	0.125107458
0.973908104	-0.226942736	0.095089237
0.079894408	-0.996803332	0.250519321
0.949923451	0.3124827	0.312463644
0.13393612	0.990989967	1.604289737
0.310364837	0.950617519	1.701521833
0.869988622	-0.493071797	0.058307157
0.834535643	-0.550953956	1.040612784
0.645073403	0.764120609	0.410944213
0.256006046	0.966675181	0.177007909
0.412006285	-0.911181003	0.175062488
-0.995148873	-0.098380488	0.961305771
0.519619367	-0.854397866	1.873242241
-0.981617543	-0.190858584	1.756443255
-0.991354614	0.131209869	1.956881757
0.989156618	-0.14686451	0.401793801
-0.998414207	-0.056294509	1.622482291
-0.013957674	-0.999902587	1.476613324
-0.91374179	0.406295387	1.703170215
-0.974135616	-0.225964159	0.393608121
-0.999765264	-0.021666052	0.560803428
-0.957958067	0.286908247	0.244466836
-0.582249116	0.813010435	1.975599936
0.066046246	-0.997816563	1.728072967
-0.477955568	0.878384013	0.715508827
0.284684354	-0.958621311	0.116003561
-0.188080786	0.982153561	0.077554965
-0.6013529	-0.798983535	0.095414415
-0.285395284	-0.958409898	0.600072614
-0.995235171	-0.097503613	1.803847867
-0.885781802	0.464101928	0.411348189
0.016685265	0.999860791	0.384619947
0.595422489	-0.803412758	0.127080168
0.845806228	0.533490229	1.063182543
-0.895422698	-0.445217017	0.123091475
0.256682648	0.966495741	1.790536932
-0.989947184	0.141437522	0.025769883
-0.462342525	0.886701409	1.684383949
0.119507307	0.992833321	1.749425842
0.039166992	0.999232679	0.195589242
0.381150952	0.924512819	1.712942305
-0.184361524	0.982858499	0.853345313
0.762900233	-0.646516229	0.538543499
-0.991355881	0.131200292	1.674120484
-0.865160189	0.50149561	1.503329516
-0.006755691	0.99997718	0.54166187
0.848866009	-0.528608076	0.446574378
0.860249149	0.509873907	0.448213485
0.662060245	-0.74945062	0.453588466
-0.869854219	0.493308867	1.927256807
-0.511941955	-0.859020043	0.281266999
-0.90350061	-0.428586803	1.516064175
0.707428717	0.706784699	0.395436887
-0.168078591	0.985773598	1.944505254
0.994463674	-0.105080926	0.028595826
-0.546531617	-0.837438471	0.451225597
-0.847981966	0.530025079	1.543423425
0.726681294	-0.686974743	1.113543591
0.781169901	-0.624318497	0.851598684
-0.443662387	-0.896194	0.012532758
0.549996044	-0.83516726	0.531015912
0.985866871	-0.167530633	1.728173502
0.880287684	-0.474440294	1.367321627
-0.123899593	0.99229476	1.901311554
0.861186177	-0.50828965	1.371680078
-0.584665435	-0.811274509	0.378705344
0.63368165	-0.773593929	1.685764073
-0.509395774	0.860532362	0.385329208
0.940533443	-0.339701107	0.365317564
-0.993626344	-0.112723946	0.112646038
-0.975222722	-0.221225322	0.47801083
-0.084764529	0.996401011	0.223469669
-0.999837525	-0.018025619	1.284470604
-0.287163871	0.95788147	1.739425185
-0.194678847	0.980867038	1.168513593
0.528897651	0.848685616	1.99471976
0.74515518	-0.666891114	1.954585894
0.54015259	0.841567098	0.305499861
0.325503653	-0.945540783	0.153902933
0.861425483	0.507883981	0.957142924
0.213098841	0.977030646	1.833724115
0.997727898	0.067372412	0.000719562
-0.559030782	-0.829146902	0.549070452
0.96544143	0.260620116	1.606159267
0.09442734	-0.995531756	1.608609959
0.931754709	0.363088368	1.784425675
-0.159054957	-0.98726973	1.549066863
0.246032519	-0.969261574	0.410020127
0.983657202	0.180051409	1.637112002
-0.177612786	-0.984100451	1.799266365
0.705812	-0.708399196	1.456230303
0.55020259	0.835031203	0.35297221
0.805457033	-0.592654173	1.89884028
0.963023363	-0.269417897	1.656333357
-0.925994063	-0.377538071	0.510318544
-0.136740844	0.990606855	0.127355675
0.898112498	0.439765781	0.110365027
0.743920514	0.668268112	0.195280778
0.086800749	-0.996225692	1.552487431
-0.674718135	-0.738075497	0.049242519
0.882103568	0.471055512	1.801056284
0.826069517	-0.563568233	1.247455235
0.63600045	-0.771688686	1.381772941
0.775585106	0.631243015	0.384537219
0.151979167	-0.988383697	0.1821844
-0.895055829	-0.445954104	1.587108027
-0.192236129	0.9813487	0.078460351
0.979301249	-0.20240816	1.679309919
-0.776799203	-0.629748361	1.789405746
-0.660552907	-0.7507795	0.107591156
-0.382610366	0.923909794	0.649865253
0.387152663	0.922015627	1.746580873
-0.99999296	-0.003752266	1.960554326
0.746464881	0.665424813	0.112574089
-0.417846267	-0.908517747	1.452786679
-0.398346113	-0.917235179	1.328656434
-0.680999146	0.732284209	1.654139439
0.782743213	0.622344809	1.828806606
-0.499300431	-0.866428923	1.76010546
0.805485419	0.592615592	1.530160826
0.490393946	-0.871500877	0.20998381
0.560506755	0.828149852	0.514705388
-0.134914232	-0.99085728	0.633914374
-0.336507368	0.941680833	1.953435173
-0.962759784	-0.270358276	1.681251294
-0.894443356	0.447181265	0.39600248
-0.726731589	0.686921537	0.079625378
-0.241625869	0.970369486	0.923976337
0.241035903	0.970516199	0.112875172
0.944270619	0.329170166	0.300976339
-0.672415081	-0.740174276	0.292352084
0.994256529	-0.10702315	1.655012277
0.272120575	0.962263162	0.10793719
-0.971598492	-0.236635521	0.544756637
-0.334217269	0.942496057	0.984631703
0.815861932	-0.578246754	1.222484385
0.963966403	0.266024009	0.436108836
0.973795247	0.227426507	0.353733785
0.771191975	-0.636602652	0.43647169
0.761221012	-0.648492538	0.831117306
-0.686228237	0.727386285	0.030021098
0.498749241	-0.866746327	0.447183521
0.965294354	-0.261164335	1.800413694
0.605596891	0.795771579	1.710158104
-0.986202449	-0.165543737	1.489232938
-0.997516193	0.070437524	0.929843412
-0.92026298	0.391300456	0.494519022
-0.384444706	-0.92314802	0.08442055
0.959951701	-0.280165542	1.419385474
-0.976010595	-0.21772303	0.615216918
0.993961668	-0.109727861	0.081345006
-0.513504918	0.85808665	0.287870825
-0.995464973	0.095128795	1.041663124
0.828993359	0.559258448	0.063584925
-0.651981055	-0.758235256	1.838684332
0.635645658	-0.771980957	0.199335184
0.714465928	-0.699670235	0.185513283
0.616443074	-0.787399477	0.222795942
-0.215430433	0.97651919	1.421790963
-0.305570637	0.95216941	1.063688377
0.713677678	0.700474248	1.519376028
-0.481439578	0.876479283	1.401639867
-0.081219879	-0.996696208	0.061368639
0.808056465	0.589105041	0.83365444
0.947105645	0.320921949	1.839186299
0.894956828	0.44615275	0.418368722
0.117008646	0.993130896	0.206121228
-0.022195131	-0.999753658	0.391359564
0.658365603	0.752698301	0.215114769
-0.670987842	0.741468351	0.207644942
-0.205870788	0.978579184	1.330860876
-0.978646189	-0.205552028	0.201428083
0.7918477	0.61071861	1.408972759
0.97368147	-0.227913131	0.183253732
-0.343993657	-0.938971972	0.861529436
0.992411106	0.122964209	1.649004553
-0.855882785	-0.517169855	1.530556699
-0.784257002	-0.620436101	1.934107912
-0.235488449	-0.971877148	0.667405576
0.300544202	-0.953767887	0.075204494
0.933032746	-0.359791459	1.688133025
0.828202344	-0.56042919	0.169816652
0.08256257	0.996585883	0.014491612
0.942985444	-0.33283397	1.786272088
-0.617755231	0.786370443	0.012240088
-0.316963037	0.948437891	0.562977708
-0.994479096	0.104934872	1.279189633
-0.244905666	0.969546912	1.746268886
0.08332628	0.996522318	0.080138993
-0.948709851	-0.316148095	0.177691334
-0.992253668	0.124228254	0.222583598
0.692277758	0.721631143	0.590276462
0.144768033	-0.989465622	1.497482452
-0.444022809	0.896015483	0.108496547
0.809803169	0.586701652	0.963650749
0.972052026	-0.234765541	1.628849455
-0.136940474	-0.990579278	0.004235247
-0.527831597	0.849349048	1.459253301
0.852505545	-0.52271818	1.422570063
0.984225052	-0.17692102	1.996148237
0.883377967	0.46866125	1.819698012
-0.711310018	0.702878409	1.719339018
-0.531761428	-0.846894199	1.453588577
-0.615672752	-0.788001943	0.547210093
0.481948402	0.876199599	0.291341159
-0.615082306	0.788462908	1.832026992
-0.984280512	-0.176612215	1.842805023
-0.730774717	-0.682618717	0.508456779
0.002062441	-0.999997873	0.429663709
0.678664249	0.734448662	1.520982008
-0.604377536	0.796698057	0.481927519
0.970086221	-0.24276063	1.606805942
-0.905255145	0.42486836	0.391914418
-0.984324329	0.176367843	0.706836611
0.969910011	-0.243463696	1.629937715
0.033369935	-0.999443069	0.271724249
-0.995264995	0.097198711	0.964024112
-0.999859418	-0.016767345	0.004533114
0.223047075	0.974807675	0.042517192
-0.453026254	-0.891497175	0.632962009
-0.050090631	-0.998744676	0.09501839
0.817791727	0.575514284	1.605184542
0.729940038	0.683511186	1.720460391
-0.977884506	0.209145627	1.593602187
-0.617036959	0.786934172	1.860359847
0.762429142	-0.647071715	0.908188701
0.758017545	0.652234161	1.435236031
0.113447166	-0.993544031	0.410006767
0.612336402	-0.790597325	1.600373718
0.735043987	0.678019422	0.283332966
-0.61054322	-0.791982939	1.866018486
0.6845507	0.728965253	0.558072993
0.563112362	-0.826380341	0.328283712
-0.543432951	-0.839452576	1.889856255
-0.995193876	0.097924197	0.316413367
0.585856771	0.810414613	0.03073009
0.481613723	0.876383604	1.904998529
0.06196821	-0.998078124	0.562347881
0.581955414	-0.813220693	1.592046917
0.573256009	-0.819376316	0.467002596
0.899263793	-0.437406712	0.263990411
0.917611823	0.397477725	1.544346915
-0.295540373	-0.955330251	0.896129719
-0.827254419	0.561827487	1.611545689
0.406890715	0.913476845	1.613350708
-0.997303043	0.073393735	1.573363566
-0.066964393	-0.997755366	1.757982152
0.729723184	-0.683742697	1.48317809
0.007158558	0.999974377	0.006163945
0.998127331	0.061170501	1.726881659
0.700474344	-0.713677583	0.173221899
-0.860106454	-0.510114583	0.092476176
0.987440506	0.157991287	1.869544149
-0.800011419	0.599984774	0.385242143
0.801274666	-0.598296674	1.211456192
0.994714071	0.102683575	1.706904985
0.527099051	0.849803854	0.427048579
0.932580272	-0.360962652	1.948212116
0.015239985	-0.999883865	0.045801559
-0.793318516	0.60880681	1.518057435
0.639646337	-0.768669346	0.155394315
0.997154221	-0.075388725	1.614673852
-0.335166813	-0.942158802	1.962775173
0.906273263	0.422692291	1.906102647
0.806949252	-0.59062078	0.291779882
-0.25884895	0.965917813	1.893004439
0.70543948	-0.708770161	1.344993128
-0.070019985	0.997545589	0.037533309
-0.06395228	0.997952958	1.784053931
-0.290488966	-0.956878341	0.350476765
-0.117829485	-0.993033843	0.183780308
0.127088323	-0.991891404	1.70536262
-0.789710225	0.613480041	0.089065806
-0.207539376	-0.978226665	1.876779387
0.868820385	-0.495127396	1.604705671
0.771067009	0.636754009	1.580231062
-0.929337143	-0.369232276	0.289905996
0.725647169	0.688066993	1.783635466
-0.270829201	0.962627417	1.102770049
0.977930226	0.20893174	0.488770879
0.473711129	-0.880680286	0.030480097
0.851272796	0.524723381	0.020339689
-0.459194608	0.888335698	0.392154836
-0.97935934	0.202126899	0.672238761
-0.247751996	-0.968823487	1.963805001
-0.017719628	-0.999842995	1.6468414
-0.317408272	-0.94828898	0.416452228
0.368101316	-0.929785686	0.501479842
0.835927444	-0.548839966	1.992477028
-0.449184445	0.893439049	0.289646239
-0.696850448	-0.717216462	0.446012853
0.243047442	0.970014402	1.999994299
-0.085219957	-0.996362162	1.640117306
-0.350364543	-0.936613414	0.789798537
-0.382821476	0.923822341	0.619626115
-0.162629047	0.986687282	0.552812779
-0.87400943	-0.485908959	1.841532501
0.881909622	0.471418517	1.820525646
-0.342346572	-0.939573746	0.801726394
-0.196252273	0.980553438	0.567454883
0.651831856	0.758363522	1.940655087
-0.918322022	0.395834138	0.156125411
-0.897931757	0.440134705	1.783096473
-0.211078789	0.977469051	0.396393756
-0.340301543	0.940316362	0.253584741
-0.246669716	-0.969099609	0.363934572
-0.932283158	-0.361729338	0.184194304
-0.149489065	0.988763379	0.210230037
-0.072420084	0.997374218	0.108003061
-0.954872066	-0.297017403	1.783661873
-0.134333278	0.990936209	0.081303071
0.682071039	0.73128592	1.470493955
-0.845685888	-0.533680971	0.132037545
-0.630717379	-0.776012621	0.259838396
-0.809806356	0.586697252	1.594373082
-0.999767556	-0.021559994	0.020444573
-0.912517892	-0.409036792	0.32581741
0.980551111	-0.196263901	0.379061241
-0.919181779	0.393833541	0.344599229
-0.546907713	0.837192901	0.116480469
-0.411618541	-0.911356229	0.784684489
-0.958431536	-0.285322608	0.185362439
0.422361419	0.906427511	1.995107141
0.873457498	0.486900399	1.217786103
-0.972452031	-0.233103084	0.462346142
-0.83843194	-0.545006314	1.738229149
-0.814200662	-0.58058357	1.909799356
0.984746858	-0.173993176	0.529265181
0.792255119	0.610189992	0.272165142
-0.384673313	0.923052784	0.259992532
0.898787647	-0.438384268	1.671014124
-0.999159822	0.040983536	1.831740954
-0.370876167	-0.928682329	1.777153102
-0.810103622	0.586286723	1.725624652
-0.075884873	-0.997116586	0.219203507
-0.156472822	-0.987682265	0.422361942
-0.743439754	-0.66880291	1.685836141
-0.17729728	-0.984157342	0.668846865
-0.151448942	0.988465082	0.467900368
-0.965022085	-0.262168601	1.863199362
-0.306002314	0.952030768	0.720814062
-0.434058718	0.900884581	1.827290615
-0.97503102	0.222068706	0.297851965
0.649656106	-0.760228218	0.548966906
-0.265383508	0.964142932	1.212797749
-0.779015133	-0.627005122	1.539627087
-0.996802029	0.079910673	0.571264111
-0.846911357	0.5317341	1.544405464
-0.302676276	-0.953093422	1.077385853
0.999651582	-0.026395349	1.889237832
0.922600008	0.385757988	1.577867085
0.892050985	-0.451934774	0.553693254
0.972413422	-0.233264092	1.898580241
-0.730605624	0.682799694	0.353252876
0.178942555	-0.983859523	0.102326219
-0.912257326	0.409617591	1.722923766
0.197916467	-0.98021889	0.313167913
-0.354747953	0.934961972	1.188716321
0.868697463	-0.49534303	1.211249786
0.003989966	-0.99999204	1.670451513
-0.988465923	0.15144345	0.692978727
0.857448094	-0.514570467	0.08574103
0.758471259	0.651706491	0.518720796
-0.370791649	0.928716078	0.334522731
0.859220449	0.511605532	1.10408441
0.800572795	-0.599235513	0.779125531
-0.213554476	-0.976931157	1.079734204
0.891141467	-0.453725562	1.545552282
-0.990850636	-0.134963018	1.961512938
0.546340462	-0.837563192	1.762382133
0.746773267	0.665078708	0.341160821
0.085390969	0.996347521	1.584568544
-0.951103579	0.308872112	0.198509983
-0.035765046	-0.999360226	0.583289857
-0.351611686	0.936145941	1.423866352
0.94633413	0.323189906	1.823038473
-0.811685991	0.584094044	1.597016017
-0.940724523	-0.339171597	1.835601393
-0.958627196	-0.284664539	0.15101868
-0.182122379	0.983275871	0.179023897
0.78942377	0.613848606	0.770287657
0.911497276	-0.41130611	1.310557495
0.998505912	0.054643785	0.110569187
0.359576101	0.933115763	0.100305597
-0.456397832	0.889775825	1.864481765
-0.377112408	0.926167497	0.098469833
-0.212448822	0.977172195	0.139917926
-0.680169614	-0.733054771	0.418012396
-0.904813939	0.425807158	0.377855989
-0.53042088	-0.847734445	1.345152829
-0.172318312	-0.985041319	0.677883189
-0.331556438	0.943435386	0.769547192
-0.998085607	-0.061847566	0.490259695
-0.959592975	0.281391759	1.778715526
-0.103709704	-0.99460761	1.378795381
-0.906031002	0.423211323	0.227723279
0.743834057	0.668364343	1.589681319
0.804782464	-0.593569866	1.979130509
-0.356779368	-0.934188676	1.287594576
-0.330236682	0.943898159	1.831658394
-0.382189296	-0.924084056	1.172652686
-0.992437517	0.122750865	1.264809681
0.942511039	0.334175015	0.358420022
-0.126682801	-0.991943279	0.272227612
0.936093887	-0.351750246	0.333407968
0.865203743	-0.501420465	1.210615238
0.894086178	0.447894973	0.742457068
-0.210356915	-0.977624656	1.401710945
0.79923439	0.601019459	0.39421631
-0.358990603	0.933341174	0.318497598
-0.343188299	0.939266624	0.855858344
0.868022391	-0.496525053	0.796081578
-0.139338353	0.99024483	0.028906043
-0.039868242	0.999204946	1.891129157
-0.285034281	-0.958517323	0.176031641
-0.187527557	0.982259342	0.719138879
0.744976555	-0.667090648	1.899727984
-0.954439165	-0.298405563	0.543693619
0.291190713	-0.956665024	1.755034658
0.813463494	-0.581615976	0.154069406
-0.244282381	0.96970414	0.354023404
0.971942752	-0.23521753	0.105776135
0.858153233	0.513393638	1.444360987
-0.289079066	0.957305225	0.99793965
0.911887707	0.410439775	0.044441504
0.566825861	0.823837632	0.288276835
0.594016878	0.804452577	1.519535547
0.514633319	0.857410372	1.741539475
0.66582108	0.746111446	0.63810045
-0.267621831	-0.96352403	1.694509291
-0.219647827	0.975579229	0.537121655
-0.094075662	0.99556505	0.687738835
0.970486081	-0.24115714	1.594748226
0.544545585	0.838731248	0.146243888
0.81258502	-0.582842676	1.320031826
-0.71393075	-0.700216312	1.717217068
-0.469531504	-0.882915719	0.666360962
-0.739193034	0.673493622	0.343687537
-0.982928482	0.18398804	1.519730406
0.88874571	0.458400549	0.026530148
0.790150264	-0.612913175	1.066241184
-0.72076185	0.693182772	0.351680118
-0.995694497	-0.092695574	1.517022387
0.901285489	-0.433225654	1.374680478
0.463336204	0.886182578	0.052699563
-0.262077117	0.965046934	0.191341193
0.903521435	0.428542899	0.499459075
0.877390461	-0.47977701	1.441374262
-0.711013724	0.703178131	0.353445181
-0.758735467	0.651398872	0.328159589
-0.468361975	0.883536677	0.381031337
0.995082277	-0.099051815	0.285756434
0.98703336	0.160515252	1.751556668
0.808129324	-0.589005089	1.828903087
-0.215722134	-0.976454792	0.385326772
-0.453966003	0.891019006	0.643534236
0.552324471	0.833629221	1.49184696
0.076560213	-0.99706496	1.773438741
-0.09027383	0.995916982	1.417779015
-0.265420868	-0.964132648	0.011195921
0.681110993	-0.732180179	1.34019222
-0.375315148	-0.926897265	1.007234124
-0.238989901	-0.971022053	0.928551629
0.632855763	0.774269709	1.469287767
0.640725612	-0.767769946	1.663483667
-0.010373059	-0.999946198	0.508809572
-0.991706096	-0.128526333	1.362804845
-0.496343612	0.868126154	0.526204518
-0.950132203	0.311847394	0.095133525
0.77456576	0.632493386	0.063248817
-0.994406945	0.105616421	0.461098916
-0.597943976	0.801537898	0.259445178
0.268337548	0.963324951	0.330298346
-0.308220241	-0.951315028	1.088105217
0.91570366	0.401854212	1.986684324
-0.513757931	0.857935189	0.101356966
-0.98851887	-0.151097465	1.198395063
0.934032953	0.357186847	0.591187836
-0.998169779	0.060473894	0.584462035
-0.393456396	-0.919343279	0.068893952
-0.875334702	-0.483517486	0.303079885
-0.365267597	-0.930902564	0.67694663
-0.280226056	0.959934038	1.989264513
0.590978343	-0.806687423	0.439251675
0.954565879	-0.297999971	1.55836603
0.08239772	0.996599526	1.766565206
0.571431666	0.820649652	0.402676762
-0.729226437	-0.684272463	1.606037629
0.99712233	-0.075809359	0.454915307
0.045066214	0.998984002	1.622270769
0.995003973	0.099835334	1.716596966
-0.995601179	0.093692543	0.36099864
-0.944477181	0.328577016	1.942416022
-0.872882628	-0.487930238	1.62916061
0.26368864	-0.964607848	1.957754551
0.611858495	0.790967245	1.617653435
0.463264098	0.886220275	1.760907026
-0.582699451	0.812687732	1.593744829
-0.684539254	-0.728976	0.184270106
-0.42254227	-0.906343218	1.757970186
0.150916743	0.988546477	1.642443511
-0.265756972	-0.964040057	0.730029846
-0.003344424	0.999994407	0.231583369
0.298860939	0.954296672	1.790954493
-0.305640171	-0.952147092	0.014184226
0.166656038	-0.986015094	1.899258933
-0.485569487	0.874198074	1.912807784
-0.621765115	0.783203768	0.426397068
0.566482518	-0.824073757	0.292853
0.794668683	0.607043396	0.713548953
0.53458594	-0.845114118	1.78776355
0.643096137	0.765785452	0.457105889
0.845568626	0.533866742	1.560473253
-0.522617117	0.852567504	1.735031482
0.016350287	0.999866325	0.552686938
-0.152405352	0.988318071	1.248889263
-0.238730313	-0.971085906	1.966041494
0.816709969	-0.577048375	1.030453762
-0.665884114	-0.74605519	1.551037654
0.998914338	0.046584828	0.360585577
-0.129117366	-0.991629319	1.2947724
-0.719706163	0.69427879	0.227931791
0.188812169	0.98201322	1.936265939
-0.553996098	-0.832519263	0.494387692
0.607701137	-0.794165807	1.564054492
0.833926599	-0.551875373	0.978051357
0.093333156	0.995634934	0.201532396
0.913497488	0.406844367	1.607243978
0.132931348	-0.991125248	1.976518024
-0.93405605	0.357126441	1.738721391
-0.920862406	0.389887714	1.774262255
-0.966234626	-0.257663828	1.7862084
0.908883136	0.41705089	0.489027816
0.771539862	0.636180982	0.87498232
-0.51531459	0.857001093	1.973429742
-0.241014242	0.970521579	1.551453728
0.646232316	0.763140743	0.636128771
-0.37948354	-0.925198488	1.881831877
-0.347207986	-0.93778815	0.615738824
0.359916032	-0.9329847	0.207184578
-0.5704685	0.821319482	1.583126997
-0.289623018	0.957140798	1.431883655
-0.691599947	-0.722280772	0.357010079
-0.936566145	-0.35049088	0.056891886
-0.963302952	0.268416511	0.245963703
-0.898973877	-0.438002247	1.737116198
0.354352877	0.935111779	0.196466287
0.017755044	-0.999842367	0.085301282
-0.201617135	0.97946441	0.483677066
0.908342603	0.418226871	1.449559958
-0.021625701	-0.999766137	1.450790529
-0.064174752	-0.997938676	0.250481729
-0.971130941	0.238547052	1.354352275
-0.997584417	0.0694646	1.393235928
0.652483309	0.757803095	1.576568327
0.574295081	0.818648374	1.653793276
-0.462547238	0.886594638	1.539954557
0.139634882	0.99020306	1.752432669
-0.992074689	0.125649556	0.784690509
-0.989729124	0.142955452	1.658105933
0.96486356	-0.262751422	1.707891907
0.904973155	-0.425468669	0.321636698
0.769429678	0.638731532	1.304947471
-0.92350166	-0.383594427	1.658332336
-0.318890947	-0.947791414	1.636553772
-0.203587339	0.979056789	0.840422358
-0.455480833	-0.89024559	1.515578922
-0.045985866	-0.99894209	0.552225941
-0.983047495	-0.183351091	0.143146073
0.063259757	0.997997096	0.293269953
0.988067057	0.154024317	1.625435681
0.990443777	0.137917093	0.166401226
-0.287710875	0.957717313	0.104377556
0.663763804	0.747942252	0.170002884
-0.872817421	-0.488046872	0.062985257
0.453194562	-0.891411627	0.268651125
-0.990615422	-0.136678767	0.715185975
-0.201379029	-0.979513393	0.693055614
-0.989147928	0.146923027	1.771300093
0.457277834	-0.889323891	1.523666081
-0.990763489	-0.135601289	1.754714409
0.729460072	-0.684023394	1.597910633
0.645857805	0.763457724	1.578212225
-0.18161445	0.983369814	1.610719796
0.494392677	0.869238679	0.53118905
-0.999583475	-0.028859584	1.771063149
-0.923256797	0.384183404	1.996251144
0.314540259	0.949244134	1.548097638
0.958593594	0.284777671	0.566221458
0.918174057	0.396177235	1.637130143
-0.511738792	0.859141088	0.281975465
0.785311619	0.619100687	1.262418362
0.608183363	0.793796572	1.590610545
-0.029000484	-0.999579398	0.462491119
0.874467851	-0.485083475	0.215825944
-0.891122241	0.453763322	0.279565853
-0.767917617	-0.64054862	0.189141782
0.797523802	-0.603287481	1.84366079
-0.217712338	-0.97601298	1.185959391
-0.359195732	0.933262249	0.701636493
0.755947074	-0.654632737	0.353241269
-0.56869582	0.82254791	0.626790423
0.253879319	0.967235903	1.970709995
-0.427621821	-0.90395773	0.684029189
-0.181466793	-0.983397073	1.635276105
-0.960802696	-0.277233078	1.836070421
0.392671141	-0.919678952	1.940986698
-0.356334777	0.93435835	0.091420762
-0.456780113	0.889579636	0.53685796
-0.388037021	-0.921643787	1.3315128
-0.567497976	0.823374791	1.737759701
0.540145323	0.841571761	1.894475004
0.681668732	-0.731660946	1.575631892
-0.365182608	0.930935907	0.748756394
-0.720528445	0.693425382	0.278312923
-0.87351306	-0.486800713	0.425997991
0.023707826	-0.99971893	0.526954166
-0.950279706	-0.311397624	1.674920024
-0.183664452	-0.982988997	1.647028444
0.626264617	0.779610563	0.192721421
0.888318475	0.459227925	0.597597574
-0.987239335	0.159243508	1.554058455
-0.531061089	0.847333535	1.830299856
0.768092468	-0.640338942	0.525138106
-0.094167445	-0.995556373	1.437619409
0.093063524	0.995660173	1.781643547
-0.064905311	-0.997891427	1.348377368
0.498333468	-0.866985441	0.032222174
0.829675161	-0.558246475	1.375129249
-0.024711504	-0.999694624	0.573014836
0.06522621	-0.997870503	0.207984669
0.66688552	0.745160186	1.644638949
-0.136197944	-0.990681644	0.724196245
0.129316615	-0.991603355	1.704225921
-0.531602671	-0.846993861	0.616795051
-0.333921241	-0.942600979	0.520308769
-0.906279038	-0.422679909	0.153368873
0.894473807	0.447120352	0.487798093
0.935324022	-0.353792276	0.035699697
0.897574407	0.440862998	1.222572715
-0.999707131	-0.024200233	0.924487868
-0.179499184	-0.983758122	0.736935782
-0.532619358	0.846354902	1.38988479
-0.834940743	0.550339854	0.05090398
0.709018361	0.705190019	1.446100103
0.128544924	-0.991703687	0.285695915
0.818406092	0.574640295	1.157519669
-0.224585355	-0.974454421	0.451358186
0.698972286	-0.715148756	1.233680631
0.417317266	0.908760859	1.979180086
0.994424759	0.10544856	0.365711458
-0.42049345	-0.907295574	0.712151704
-0.974403581	0.224805829	0.006482927
-0.184910403	-0.982755383	0.461819993
0.865697273	-0.500567908	0.816799804
-0.96900723	-0.247032363	1.416737593
-0.75562318	-0.655006572	1.699366103
0.608780041	-0.793339059	1.575079781
0.046268582	-0.998929036	1.714820719
-0.277367125	-0.960764007	1.980166233
-0.339973991	-0.940434838	1.827108048
0.466083612	0.884740677	1.726098023
-0.999983246	-0.005788561	1.111202029
0.111973622	-0.993711179	1.811240562
0.967053228	-0.254574259	0.362380662
0.541195499	-0.840896802	0.568532595
0.454358025	-0.890819165	1.76569422
0.245032444	0.969514879	1.832315012
0.999890369	-0.014807112	0.203705299
-0.941555237	0.336858628	0.143574257
0.054838605	0.998495232	0.519859003
0.786119614	-0.618074391	1.468715185
-0.999980395	-0.006261802	1.569809553
0.929815681	0.368025542	0.196989503
0.98914804	-0.146922273	1.644354752
0.693058347	0.720881494	1.316331703
-0.083687332	-0.996492062	0.62232819
0.465845703	0.884865968	0.088682779
0.584426274	-0.811446813	1.76220122
-0.168653528	-0.985675397	1.872781197
-0.882388551	-0.470521461	0.060367585
0.547278143	-0.836950795	0.100046076
-0.319103404	0.947719905	0.767093454
-0.997121993	0.075813789	1.770995089
0.979621684	-0.200851576	0.132549602
-0.811630508	0.584171138	1.778356225
-0.987141569	-0.159848437	0.760377761
0.647407687	0.762143875	1.910388119
-0.814294417	0.580452067	1.703205489
0.156700222	0.987646212	1.614578439
-0.977967284	-0.208758214	0.692706186
-0.205460389	-0.978665432	1.433087209
-0.414853152	-0.909888379	1.166842994
-0.687719508	0.7259765	0.120524497
0.998790448	-0.049169511	1.789204187
-0.163130612	-0.986604482	0.248262564
0.938463336	0.345378875	1.83569271
-0.242120533	-0.970246179	1.457605852
0.645132021	-0.764071119	1.741213159
-0.911705861	0.41084355	1.993563714
0.346226137	-0.938151087	0.493108802
0.999371988	-0.035434865	1.745730918
-0.026671915	-0.999644241	1.411482403
-0.999006046	-0.044574886	1.506702602
-0.401889057	-0.915688367	0.735847539
0.426709234	-0.904388871	0.417808112
0.703467789	-0.710727142	1.951896246
-0.92766505	-0.373413384	0.512326984
-0.038102281	-0.999273844	0.510094547
0.42471939	0.905325047	1.88671904
0.844409086	0.535698885	0.01948678
-0.332648318	0.943050951	0.445655549
-0.598267406	-0.801296519	0.525816743
-0.867998604	0.496566635	0.187868809
-0.925590365	-0.378526719	0.159339953
-0.86756559	-0.49732278	1.944990791
0.853410594	0.521239252	0.617434588
-0.85093553	0.525270144	0.430322332
0.675511115	-0.737349804	0.628474724
0.996294243	0.086010362	1.851228353
-0.816673084	-0.577100575	1.55781508
-0.288863422	0.957370317	1.7786552
0.055034597	-0.998484448	1.976825746
0.810669018	0.585504691	0.033567726
-0.334281104	0.942473418	0.816404728
-0.625722833	-0.780045471	1.464653423
-0.96877518	0.24794082	1.771999634
-0.552397117	0.833581085	1.91357317
0.716334384	0.697757157	0.43711282

