-0.735187549	-0.677863753	0.295127303
-0.005118429	-0.999986901	1.090824055
-0.741010073	-0.671493911	1.892145089
-0.998417871	0.05622948	0.91671521
-0.662548227	-0.749019257	1.959226097
-0.902330438	0.431044987	1.298246701
-0.799066941	0.601242067	1.995532956
-0.978344164	0.206984775	0.827312629
0.438785009	-0.898592074	0.41972444
-0.820174311	-0.572113712	1.416565861
0.808596164	-0.588364039	1.585808556
0.330197303	0.943911935	0.814837542
0.005269092	-0.999986118	1.821486586
-0.385418886	-0.92274172	0.304199347
-0.413117398	0.910677778	0.307407348
0.841471214	0.540301948	0.798684908
0.86974394	0.493503271	0.326744659
0.326422973	0.945223806	0.545570984
-0.799958692	0.600055074	0.431735938
-0.896971374	-0.442088628	0.746006463
-0.994912939	-0.100738494	1.01942844
-0.984980503	0.172665596	1.705923586
0.4335827	0.901113779	1.846532095
-0.272549674	-0.962141713	1.721998939
0.938456934	-0.345396269	0.213922018
0.97423283	-0.225544659	1.663963203
-0.948541016	0.316654293	0.09577337
0.865293667	-0.501265268	0.540718574
0.036169724	0.999345661	1.610110278
0.753090103	-0.657917394	1.291718447
0.80580743	0.592177664	0.184648782
0.288869663	0.957368434	1.082159521
0.292049104	-0.956403325	1.947949497
-0.03277419	0.999462782	1.509266572
0.941432909	-0.337200352	1.703826005
0.822607745	-0.568609266	1.270417514
0.075140788	-0.997172935	1.140607776
0.411556407	0.91138429	1.72572986
0.677655454	0.735379552	1.460490797
0.749854911	0.661602307	0.878806151
-0.22953061	-0.973301443	0.244402673
-0.468621532	-0.883399038	0.489722912
0.880367518	-0.474292139	0.096381174
0.999304464	-0.037290599	1.997941007
0.106110708	-0.994354322	1.400141689
0.983441874	0.181223842	1.684200995
-0.960238257	-0.279181823	0.646662117
0.685237141	0.728320026	1.045698453
0.836842922	0.547443078	1.335713913
0.709178101	-0.705029376	1.86444542
-0.623505678	0.781818821	1.900383507
-0.164481843	-0.986380111	1.813994636
0.340540882	0.94022971	0.02847393
0.999819188	-0.019015571	0.024466536
0.419288135	0.907853215	1.597826091
0.655687815	-0.755032112	1.751936836
-0.955151467	-0.296117672	1.948454508
0.814179949	-0.580612616	0.297731292
0.774140656	-0.633013621	1.758877582
0.198455527	-0.980109894	0.065773162
0.50141709	-0.865205699	1.713154799
0.547655791	0.836703732	1.064252656
-0.765645011	-0.643263334	1.756510434
0.273603748	0.961842497	1.699455807
0.107995889	0.994151341	0.813421121
0.358080511	0.933690713	0.353169333
0.775907314	0.630846923	0.377882619
-0.309618604	-0.950860831	0.278134928
-0.984105682	0.177583801	0.361061232
0.611956884	-0.790891125	0.674769363
-0.823978189	0.566621517	1.250966198
-0.327308236	0.944917625	1.850930941
0.51390524	0.857846959	1.256384655
-0.999259262	-0.038482822	1.210665266
-0.063262816	-0.997996902	0.132192307
-0.708769569	0.705440074	0.466845915
0.908461467	0.417968614	1.734268166
-0.95839512	-0.285444906	0.066417274
0.939501693	0.342544257	1.841056202
-0.941624406	-0.336665232	0.470829818
-0.997807935	0.066176465	1.105264528
0.880691757	-0.473689802	1.976904925
-0.94289228	0.333097805	0.90625466
0.143800196	-0.989606742	1.447987959
0.751138827	-0.660144274	0.559277299
0.495749479	-0.868465575	1.949091207
0.31755972	-0.948238274	1.890658735
-0.611543821	0.791210563	1.891373804
0.608914636	-0.793235757	0.233344529
-0.867421892	0.497573373	1.472414387
0.402325842	-0.915496541	1.02138808
0.117133691	0.993116156	1.447929081
-0.685952775	0.727646061	1.502347126
0.872115706	0.489299699	1.661940961
0.971851258	0.235595272	1.949674442
0.553382509	0.832927247	0.785764046
-0.465251398	-0.88517859	0.193404523
-0.915399562	-0.402546447	0.960849125
-0.229335351	-0.97334747	1.896096775
0.657003371	0.753887638	1.497561437
0.763238473	0.646116889	0.542008856
0.138988083	-0.990294054	0.094261649
0.457807528	0.88905133	0.64467183
0.069417515	0.997587695	0.935339647
-0.795724078	0.605659303	1.556483986
0.823501155	0.567314593	1.456754057
0.7915594	-0.611092232	0.188003521
-0.971522731	-0.236946372	1.585756575
0.045578303	-0.998960769	0.798387358
0.486475005	-0.873694494	1.849333906
0.987959129	0.154715089	1.861244081
-0.967152486	0.254196911	1.584548186
-0.966630166	-0.256175961	1.049466994
-0.443251635	0.896397227	0.401030843
0.501362807	-0.865237156	1.345408228
-0.999975449	0.007007248	0.970568742
0.26791787	-0.963441755	0.184071664
-0.969767433	0.244030994	1.676171133
-0.220463078	-0.97539532	0.307863192
-0.999975313	0.00702657	0.41241185
0.194496581	0.980903196	1.982369065
-0.055466073	-0.998460572	0.501666663
0.88406158	-0.467370435	0.427663584
0.708822442	-0.705386947	1.562796957
0.183336584	0.983050201	0.601154801
0.893547856	-0.448967959	0.663395866
-0.109622415	0.993973303	1.56733574
0.043015684	-0.999074397	0.276985813
0.853210538	-0.521566658	0.546053479
0.997456217	-0.071281794	0.209877839
-0.432948306	-0.901418751	0.467024668
-0.761812801	0.647797234	1.396574575
0.576451014	-0.817131708	1.001822106
-0.264172136	-0.964475548	0.389643675
0.740060401	-0.67254041	1.043526639
-0.999039945	0.043808538	0.86037003
0.623582669	0.781757414	0.84589668
0.028517006	0.999593307	0.660543896
0.546681751	0.83734047	0.062528136
0.886966234	0.461834277	0.514652576
0.859712696	-0.510777917	1.319938184
0.932990652	0.359900601	0.575935162
-0.965683104	-0.259723204	1.457821036
0.28964241	-0.95713493	1.285266777
0.547769858	-0.836629059	0.688915834
0.669352445	-0.742945021	0.145743901
0.05941685	-0.998233258	0.009487273
0.828870531	-0.559440472	0.453795936
0.21956016	0.975598963	0.524522402
0.170088353	0.985428816	1.795022966
0.05171113	0.998662085	0.517332879
-0.984979504	0.172671294	0.442886815
-0.976135666	-0.217161602	1.736658919
-0.831319293	-0.555795136	1.866325829
0.520026738	0.854149982	0.563041752
-0.981251127	-0.192733561	1.981170889
0.999765766	-0.021642868	0.197340386
-0.053417027	0.998572291	0.340926056
-0.992161091	0.124965475	0.28260454
-0.927554335	-0.373688313	1.682869383
-0.999999862	-0.000524965	0.731269015
-0.968251431	-0.249978331	0.705166918
0.223222066	0.974767618	0.375914174
0.668822999	0.743421681	1.000212053
-0.927674137	-0.373390807	0.28330015
-0.560406422	0.828217751	0.371584937
0.720980498	0.692955353	0.310406541
-0.967179239	-0.254095101	1.882315423
0.86348581	-0.504373131	1.17962867
-0.084605189	0.996414553	1.527304841
-0.998446513	0.055718583	0.357501587
-0.89781808	-0.440366546	1.132282448
-0.890191895	0.455585766	1.556738542
0.999964949	0.008372608	1.987375524
-0.541415597	-0.840755108	0.077132542
0.722861037	-0.690993431	1.449273311
-0.692831286	0.721099722	0.488035819
-0.585384441	0.810755855	1.780320184
-0.900728078	0.434383389	1.808307002
-0.440560444	-0.89772295	0.060184887
0.999602012	0.028210229	0.055330602
-0.889646987	-0.456648922	1.56306081
0.265058295	0.964232389	0.536503143
0.109266196	0.994012524	1.480580441
-0.98942806	0.145024531	1.136426117
-0.995208048	0.097780065	1.81057117
0.937480543	-0.348037686	1.597377862
0.531195697	0.847249156	0.435688337
0.402577985	-0.915385693	0.833585612
0.585912522	0.810374306	0.416931572
-0.434358504	0.900740079	1.704708088
-0.974339632	-0.225082833	0.949215894
0.830328743	0.557273881	0.194854804
0.516885247	-0.856054695	1.824026508
-0.943813087	-0.330479737	0.715262159
-0.988717116	-0.149794744	0.146393428
-0.858237977	-0.51325196	0.575600057
0.118431117	0.99296227	0.574640833
0.410739473	-0.911752754	1.344100631
0.706833077	0.70738038	0.034086674
-0.0347707	-0.999395316	0.582510844
0.900397882	0.435067414	0.072569485
-0.954512189	0.298171899	0.908495297
-0.218085445	-0.975929679	1.856363307
0.139760876	0.990185284	0.760986473
0.61006255	-0.792353257	0.014855087
0.92081348	-0.390003251	1.797310038
-0.084852695	-0.996393507	1.993632099
0.418282605	0.90831694	1.153082022
0.090427226	-0.995903066	0.250531367
0.440098176	0.897949662	1.808403883
-0.719013929	-0.694995661	0.111286338
0.967713233	-0.25205376	0.053694022
-0.671560277	-0.740949927	0.1765063
0.035515163	0.999369138	1.89946373
-0.808438249	0.588581003	1.692385188
0.549445509	0.835529552	0.30092703
0.399476038	0.916743636	1.821996594
0.472250748	0.881464254	1.894478794
0.474867094	-0.880057523	0.391735798
0.171013321	-0.985268717	0.707477519
-0.102138834	0.994770154	1.871828765
-0.808407037	-0.588623872	1.575117981
0.05287331	-0.998601228	0.874231303
0.932162852	-0.362039247	1.351108256
0.848022103	0.52996086	0.14705181
-0.998603695	0.052826697	1.998061835
0.263163941	0.964751129	0.765828785
0.538036049	0.842921829	1.811128122
-0.972417532	0.233246957	1.167684303
-0.378738084	-0.925503897	0.33208817
-0.999476582	0.032350619	0.311685716
0.098814502	-0.995105871	0.526849202
-0.742998534	-0.669293044	1.684668986
0.31033205	0.950628223	0.79670275
-0.995692052	0.092721826	1.780092464
0.752274588	-0.658849713	0.772840529
0.861322847	-0.508058021	0.914844741
0.94116329	0.337952158	0.049367131
0.377716711	0.92592121	0.169491179
0.056494163	-0.998402929	1.824827229
-0.627765396	0.7784026	0.204387477
-0.949075844	0.315047683	0.191125517
0.466419273	0.884563769	1.578586992
-0.824565965	0.565765825	0.021436378
0.636459914	0.771309781	1.296987382
-0.356452985	0.934313261	0.402300483
-0.998287792	0.058493458	0.149556422
0.998570765	-0.053445549	1.60459975
-0.99433287	-0.106311538	0.646940728
0.566727722	-0.823905146	1.679469227
0.759558782	-0.650438665	1.301422449
-0.920438235	-0.390888035	0.848181394
-0.068845176	-0.997627356	0.664082887
0.623984513	-0.781436708	1.101148318
0.58380052	0.811897132	1.449849242
0.382405536	-0.923994592	1.997121658
-0.993066248	-0.117556061	1.32607181
0.988077609	-0.153956615	0.411621356
-0.981901101	0.18939437	0.806340295
-0.797651949	0.603118039	0.381711797
0.999878474	0.015589625	0.058844776
-0.188285354	0.982114365	1.498064058
0.491094681	0.871106202	0.767759852
-0.864907004	0.501932141	0.785474786
0.985100599	0.171979097	1.687428455
0.888273868	-0.459314201	1.943616868
-0.205150102	-0.978730522	1.686926851
0.780948121	-0.624595895	0.138815548
0.859306232	0.511461435	0.985481654
-0.992915567	-0.118822038	0.791137496
-0.530945615	0.847405897	0.217898201
0.633520971	0.77372552	1.86565353
-0.99999929	0.001191306	0.436621653
0.760839849	0.648939692	0.806294196
-0.132045923	0.9912436	1.539557175
-0.962118574	0.272631345	1.374949831
-0.973806494	-0.227378344	0.839411338
0.432993471	-0.901397057	0.94820271
-0.720407445	0.693551089	1.542281385
0.792789911	-0.609495001	1.773273227
0.935001701	0.354643228	1.868191975
0.323781116	-0.946132014	1.02354434
-0.998439325	-0.055847242	0.493355708
0.87649936	-0.481403025	1.662077203
-0.599411189	-0.80044127	1.595592611
-0.301569189	0.953444295	0.151902143
0.224576653	-0.974456426	1.886264492
0.970393479	0.241529491	1.465119091
-0.947959683	-0.318390388	1.008517338
-0.054750775	-0.998500051	1.349423748
-0.996837977	-0.079460984	0.236954231
-0.998776783	0.04944631	1.506145957
-0.087957265	-0.996124249	0.051140742
0.134206227	-0.990953424	0.117566244
-0.858385633	-0.513004976	0.151723984
0.997856395	0.065441691	0.048693074
-0.712116303	0.702061515	0.116523315
0.710602796	0.703593396	1.287278244
0.865110156	0.501581916	1.032118409
-0.988284499	0.152622895	1.68602269
0.049240522	-0.99878695	0.290222621
-0.157406647	-0.987533872	0.527843105
0.365834602	-0.930679883	1.810297221
-0.987239869	0.159240196	1.962841786
0.996700368	-0.081168812	1.595627435
-0.08848612	-0.99607741	1.330977635
0.052334156	0.998629629	0.140610542
-0.999931704	0.011687056	0.684600302
-0.049408547	-0.998778652	0.687347162
0.979421412	0.20182591	0.348967762
0.670893958	-0.7415533	1.611159104
-0.46671052	-0.884410137	1.701344562
0.049998508	0.998749292	1.779542294
-0.390487755	0.920608121	0.373997369
0.856732163	-0.515761574	1.814074882
0.998787061	0.049238272	0.288135554
0.36857776	-0.929596921	0.58372563
0.002802116	-0.999996074	1.900252033
0.994954157	-0.100330584	0.347144798
-0.850573973	-0.525855415	1.693215565
0.103897369	-0.994588024	1.813652167
0.996461815	-0.084046718	0.413394466
-0.758541433	-0.651624811	0.134136863
-0.985573678	-0.169246936	1.332708339
-0.036501942	0.999333582	1.388015979
-0.522368854	-0.852719638	1.836192573
0.330741696	0.94372132	1.402839542
0.976052808	-0.217533711	0.168864905
0.210793058	0.977530709	1.102335818
-0.7515334	-0.659695042	1.559624976
-0.044692831	-0.999000776	0.147646223
0.548585907	-0.836094195	0.316794409
0.3001161	0.953902682	1.801975237
0.998505958	-0.054642948	1.766417038
0.315327875	0.948982788	0.371782921
0.928426857	-0.371515237	0.243684904
0.056028081	-0.998429193	0.100618503
0.863236054	-0.50480047	1.967517274
-0.238250013	-0.971203857	0.040607087
-0.166040284	-0.986118971	0.589587163
-0.805364126	0.592780419	1.489903241
-0.993371377	0.114949147	0.443126192
-0.755383939	0.655282462	1.522364734
0.967806486	0.25169546	0.269609216
0.111579375	0.993755525	0.50366355
0.063025678	-0.998011906	0.491945735
-0.479024986	-0.877801266	1.796568084
-0.807842598	0.589398284	0.548658501
0.998856743	0.047803839	0.112569909
0.898607502	0.438753412	0.074621723
0.080402539	0.996762475	1.811141545
0.214616442	-0.976698409	0.592847078
0.903928306	-0.427684017	1.759009451
-0.999492972	-0.031840196	1.364581147
0.822088851	-0.569359219	0.537958598
-0.19491467	-0.980820203	0.524112688
0.817107691	-0.576485057	0.520544318
-0.989039889	-0.147648565	0.206367908
0.301540816	-0.953453269	0.424477211
-0.816225236	0.577733818	1.849369098
0.723203083	0.690635432	0.592089704
-0.349769877	0.936835649	0.405772532
-0.897111726	0.441803747	0.10011133
0.148356716	-0.988933913	1.866876283
0.145941123	-0.989293277	0.749388967
-0.9790648	-0.203548806	0.405438801
0.637775778	-0.770222083	1.089905594
0.9499896	-0.312281541	0.511402084
-0.054924243	0.998490524	0.393031698
0.978960453	0.204050071	1.668637401
-0.506307666	0.862352913	1.860975858
-0.037741765	0.999287526	1.999736494
0.677987616	0.735073325	1.114477199
0.764931671	0.644111434	0.716216226
0.038719915	0.999250103	1.613707315
0.999973687	0.00725436	0.009741518
-0.157615042	-0.987500632	0.552348121
-0.870654846	0.491894439	1.78470281
0.620155089	-0.784479232	1.330376749
0.053587994	-0.998563131	0.766132273
0.883464535	0.468498043	0.155561317
0.860182105	-0.509987006	0.835028192
-0.981826096	0.189782817	1.531914765
0.345377309	-0.938463912	0.251049038
0.395151669	0.918615893	1.747525915
0.845950277	-0.533261783	0.645092805
0.212425838	-0.977177191	1.508871417
0.363106343	-0.931747704	0.888853767
0.068808515	0.997629885	0.275407401
-0.830124987	0.557577355	1.52432916
0.454439467	0.890777621	1.753179089
0.955379805	0.295380141	0.497709753
-0.473670409	-0.880702188	0.456126808
-0.905486996	0.42437401	1.690660585
0.224115074	0.974562688	0.586726658
-0.837038495	0.547144002	1.72407283
-0.872258383	0.489045309	0.429209343
-0.620679168	-0.784064647	1.801342442
-0.988808528	0.14919013	0.099821083
0.410215036	-0.911988829	0.89979441
0.871576472	0.490259578	1.812347618
-0.999676763	0.025423801	0.917331033
-0.338501769	-0.940965755	1.769381805
0.654673605	-0.755911682	0.267188705
-0.326738566	-0.94511476	1.790672482
-0.939392551	-0.342843455	0.255654509
-0.459114701	-0.888376998	1.926299295
-0.985687215	0.168584442	0.193675609
0.17141035	0.985199722	1.941781113
0.792324336	0.610100112	1.445694471
0.942407946	-0.334465639	0.531430709
0.553313399	-0.832973159	1.888972905
0.794205832	-0.607648827	1.177536306
0.29586172	-0.95523078	0.428575311
0.811805253	0.583928276	0.319315103
0.967654804	0.252277983	1.512131972
0.316810362	0.948488901	0.734324149
-0.802692816	0.596392693	1.834267659
0.018309829	-0.999832361	1.871265342
-0.943434194	0.33155983	0.21632853
-0.32652988	-0.945186879	0.286006217
-0.994799427	-0.101853329	0.208551071
0.89789179	0.440216235	1.432082595
-0.464326484	0.88566411	0.05951957
-0.859266396	-0.511528357	1.972112898
-0.758413329	0.651773904	1.871317687
-0.975212329	-0.221271132	1.073545411
-0.71592287	0.698179378	1.884524663
0.730396204	-0.683023708	1.087317917
-0.999991792	0.004051667	0.829136245
-0.018717795	-0.999824807	1.106250096
-0.213731811	-0.976892375	1.530060708
0.861590735	0.507603591	1.230517031
0.006736808	-0.999977307	1.145235946
-0.600600864	-0.799549	1.538629031
0.823568239	0.567217203	0.302806933
0.370126094	-0.928981525	1.684858974
0.658717302	-0.752390534	0.17669198
0.970784794	-0.239951836	1.83796938
0.271474016	-0.962445769	0.955203513
-0.988332924	-0.152308999	0.536280027
-0.869785508	-0.493430005	0.44853475
-0.001955559	0.999998088	1.74922457
-0.199233017	-0.979952144	1.899319917
0.063280586	-0.997995775	0.784472863
-0.994951303	0.100358883	0.964571944
-0.529843959	-0.848095147	0.278776118
-0.531617156	0.846984769	1.67292852
-0.931267055	0.364337304	1.122880816
0.484157384	0.87498093	0.218701798
-0.014258343	-0.999898345	1.500508957
0.453607711	-0.891201461	1.961840741
-0.499338171	-0.866407174	0.005948797
-0.151891828	0.988397123	0.002126913
0.485819116	-0.874059372	1.661099794
-0.487423393	0.873165755	1.896559755
0.905930162	-0.423427138	0.081305427
0.871743675	0.489962207	1.67437677
-0.283685201	0.958917466	0.159784744
0.878010069	0.478642161	0.808051455
-0.175744132	-0.984435879	0.195889512
0.48231207	0.875999467	1.695387398
0.219558455	-0.975599346	1.460344023
-0.873130124	-0.487487217	1.731059716
0.669132829	-0.743142824	0.149533248
-0.985226233	-0.171257906	0.836986158
0.808736314	0.588171382	1.223727424
0.564356311	-0.825531316	1.629823007
-0.998283088	-0.058573674	0.561783927
0.89781941	0.440363835	0.352715378
0.689748476	-0.724049059	1.525349362
0.731619044	0.681713704	1.373605925
-0.171919179	-0.985111058	1.551489814
0.922074915	-0.387011435	0.488595881
0.087077212	0.996201566	0.706464332
-0.008969179	-0.999959776	0.803313777
-0.94631195	0.323254843	1.765818311
0.883323826	-0.468763287	0.17791291
-0.927294069	0.374333688	1.148292759
0.894886211	-0.446294374	0.249183475
-0.314787797	0.949162074	1.989773669
-0.999196491	0.040079568	1.987770938
-0.420091861	0.907481586	0.404716922
0.794363676	0.607442467	1.430284172
-0.582515706	-0.812819447	1.807596956
-0.564683761	0.825307367	1.887704129
0.451388018	0.892327775	0.476623462
0.899279513	0.437374391	0.60035842
0.701408821	0.712759192	1.897862475
0.14354844	0.989643292	0.360027969
-0.983695104	0.179844216	0.547111101
0.993601783	0.11294024	0.416238173
0.229303328	-0.973355014	0.283101402
-0.87459142	0.484860649	0.135013114
0.348415078	-0.937340351	1.864572132
-0.046464118	-0.99891996	0.684168712
0.821136805	-0.570731415	1.974668248
0.978324732	-0.207076601	0.246386233
-0.548014259	0.83646899	1.93088003
0.765029386	-0.643995372	1.889570957
-0.738197968	0.674584139	1.404764674
0.982123199	0.188239266	1.691381911
0.546088876	0.837727246	1.701727962
0.990965259	0.134118813	0.202481242
0.875479743	-0.483254818	0.65731217
0.994380801	0.105862282	1.984634136
0.531740417	0.846907391	1.903362252
-0.097361805	-0.995249054	0.114891011
0.889777697	0.456394182	1.335268502
0.383533203	-0.923527088	0.760062469
0.870942671	0.49138464	1.874936004
-0.895662858	-0.444733679	0.515235937
-0.91813486	-0.396268065	0.442548277
-0.997237264	0.07428216	0.688702658
0.138532243	-0.990357924	0.639364338
0.504534646	0.863391447	1.989890784
0.000646222	-0.999999791	1.032564709
0.872156886	-0.489226293	1.15325526
0.998667921	-0.051598289	0.485292513
-0.78465682	0.61993038	0.40750285
0.598215081	0.801335583	0.341513271
0.472311344	0.881431787	0.73897993
-0.948629315	-0.316389669	1.113454226
-0.995091985	0.098954244	0.430723808
0.972894801	0.231248148	0.471573009
0.280567606	0.959834266	1.625284417
-0.825198322	-0.564843102	0.16174102
0.595219756	0.803562967	1.131884409
0.743253886	-0.669009463	0.954345652
0.868770162	-0.495215514	0.288107882
0.845319643	-0.534260893	0.319350321
-0.810664871	0.585510432	0.126884319
-0.007563884	-0.999971393	0.099575497
-0.839338319	-0.543609406	0.504533377
0.902543889	-0.430597874	0.624202318
0.732745738	-0.680502523	1.683770529
-0.999862981	0.016553518	0.970049071
0.769096373	0.639132826	1.528373291
0.878522538	0.4777009	0.2910571
0.407604177	-0.913158713	0.495817307
-0.157190537	-0.987568294	1.665774343
0.287382158	0.957816003	0.608110191
0.197187542	-0.980365785	0.026303384
0.662369468	-0.749177341	1.210444848
0.790804215	0.61206919	0.264258056
-0.999998989	0.001422029	1.632430862
-0.999505519	-0.031443865	0.213279333
0.736067115	-0.676908563	0.241371745
0.626157081	-0.779696935	0.049280843
-0.166447497	-0.986050318	1.584018803
0.167459106	0.985879023	0.830253201
-0.759005296	-0.65108445	0.211184069
-0.870841652	-0.491563646	1.388122589
-0.23990125	-0.970797296	0.103759253
0.846199704	-0.532865894	0.289210376
0.302185593	0.953249111	0.481457417
-0.201099677	-0.979570783	1.986320119
-0.448496088	0.893784795	1.750564778
0.695214706	0.718802137	1.320227821
0.339728098	0.940523694	0.715615468
0.578111002	0.81595813	0.038838942
0.91294729	-0.408077499	1.655814763
0.125506153	-0.992092841	1.694355679
0.79985439	-0.600194098	1.184620578
-0.425403033	-0.905004011	1.513231044
-0.876119989	0.482093107	1.565798242
-0.036015202	-0.999351242	1.32645292
0.877241158	0.480049946	1.994745397
-0.693911137	-0.720060646	0.049905921
0.824562337	0.565771113	1.969033072
-0.473575417	-0.880753271	1.550474842
0.850699299	-0.525652644	0.105159576
-0.75913192	0.650936808	1.627214535
-0.380809449	-0.924653537	0.202842268
-0.986145538	0.165882423	1.344484282
-0.031104929	-0.999516125	0.052701756
0.159258051	-0.987236989	0.66318387
0.724020523	-0.68977843	1.409831985
-0.939194373	-0.343385978	0.337793648
0.760943357	0.648818316	0.021217114
-0.467307832	0.884094673	0.217626559
0.445799954	0.895132616	1.169980444
0.883142409	0.469104984	0.398024632
-0.995245463	0.097398504	0.131199976
-0.974130446	0.225986445	0.554698635
-0.976966822	-0.213391259	0.474470691
-0.990259118	0.139236771	0.871407887
0.702406427	-0.711776097	0.265102942
0.199658896	0.979865463	1.737462815
0.265858111	-0.96401217	0.181283986
-0.19716057	0.98037121	0.403952469
-0.886961425	-0.461843512	0.815558494
-0.320571965	0.947224163	0.52763495
-0.816123766	-0.577877149	0.024767599
0.448789161	0.893637672	0.945107024
-0.928596791	-0.371090286	0.757353759
-0.787092978	-0.616834373	1.573817927
-0.795814198	0.605540884	1.378708661
-0.880247669	0.474514533	1.236094
0.105528102	0.994416321	0.681368721
0.939847023	-0.341595628	1.917271665
0.254177116	0.967157688	1.46299376
0.387159035	-0.922012951	1.648871603
0.148394361	-0.988928265	0.289687873
0.372516082	-0.928025737	1.558455289
-0.58396465	-0.811779088	1.777420007
-0.956467648	-0.291838377	0.925290236
0.885092343	0.465415454	0.65750331
0.925104189	0.379713364	0.579188114
0.215082696	-0.97659584	0.282644235
0.586998312	-0.809588155	0.875631232
0.883490199	0.468449644	0.34084586
-0.432021159	0.90186347	0.413141108
0.738159592	0.674626131	1.283386275
0.996725881	-0.080854916	1.915704817
-0.934378888	0.356280918	1.549883608
0.90680795	0.421543997	1.632890704
0.372900847	-0.927871197	0.856635456
0.961021799	0.276472604	0.21259962
0.638339093	0.769755287	0.424183939
0.840119643	-0.54240113	1.935189003
-0.910938047	-0.412543179	1.795066137
-0.991735618	-0.128298343	1.684896494
0.652704901	0.757612244	0.086874118
0.344494	-0.938788519	1.788202798
-0.893974584	0.448117668	0.655411212
0.860542476	0.509378687	0.115550437
0.661508009	0.7499381	0.149294645
-0.890552504	-0.454880464	0.36725697
0.999531816	0.030596539	0.16828529
0.586254151	0.810127194	0.313778267
0.868706099	-0.495327885	0.938449383
0.809226578	0.587496677	1.698244969
0.400071711	-0.916483838	0.773890603
0.852073121	-0.52342277	1.509973003
-0.406930329	0.913459198	1.508459491
-0.907797499	-0.419408752	1.643937647
-0.42949396	0.903069731	0.111260972
-0.530438048	-0.847723703	0.362258655
0.96092681	-0.276802575	1.861328903
0.983951837	0.178434251	0.511289347
0.943231277	-0.332136655	1.375210272
-0.017486516	0.999847099	1.069296288
-0.908083623	0.418788889	0.22669894
-0.242770954	-0.970083638	1.858082722
0.978198267	-0.207673181	1.58447922
0.378779515	0.925486942	0.978475033
0.842742409	0.538317037	1.78060685
0.383266457	-0.92363782	0.659507337
0.088858643	-0.996044247	1.312557088
0.59648119	-0.802627055	0.112368469
0.223918526	0.974607867	1.314629968
0.337863749	0.941195031	1.408506739
-0.650793757	-0.759254559	1.91439146
0.930900212	0.365273588	0.173460795
0.477993132	-0.878363573	1.121383118
0.241526487	0.970394227	1.545527998
-0.940432946	-0.339979225	0.79863735
-0.857879537	0.513850853	1.611809651
-0.880154777	-0.47468681	0.713642318
0.357014798	-0.934098728	1.604006329
0.592557257	0.805528334	1.869057118
0.909200448	0.416358674	0.084944774
0.620391819	0.784292032	1.125814329
-0.82127756	0.570528851	0.595645579
-0.838871213	0.544329944	1.649504067
0.33541648	-0.942069947	0.546108659
-0.110174348	0.993912276	1.866876897
0.46621514	-0.884671376	0.051883426
0.514154623	-0.857697513	1.867800232
-0.994941248	0.100458515	1.348466272
0.583617868	0.812028438	0.247937829
-0.917855247	-0.396915288	0.136987473
0.56974559	-0.821821125	1.820053326
0.303523401	0.952823984	0.422084872
-0.267200994	-0.963640819	0.26543362
0.67715732	0.735838273	0.434553726
0.541119286	0.840945848	0.589678176
0.861083313	0.508463891	1.71912191
0.99831909	0.057956838	0.011045201
-0.073700491	0.997280421	1.264234813
-0.992450008	-0.122649837	1.450537383
0.842464677	0.538751583	0.967930768
0.694576508	0.719418845	1.238853948
-0.985800204	0.167922474	1.566986777
-0.698577775	0.715534131	1.993908726
-0.850286327	-0.526320399	1.314679137
-0.841639915	0.540039122	0.503696704
0.436169585	-0.899864486	1.092526956
-0.246770828	0.969073866	0.381276781
0.616181564	-0.787604139	1.639107755
-0.725802236	0.687903419	1.576561977
0.464568393	0.885537243	1.390073769
-0.999827565	-0.018569863	0.069080896
-0.553818038	0.832637725	0.371089108
-0.304688178	0.952452159	0.367355656
0.771466242	-0.636270255	1.55252768
0.951959614	0.306223601	1.428207883
0.699017293	0.715104764	1.97420717
0.647460734	0.762098811	1.23816814
-0.908147625	-0.418650083	0.330766651
0.960217335	-0.279253772	0.067827316
-0.878642096	-0.477480959	0.546190002
0.979298144	-0.202423185	1.747733151
-0.745250107	-0.666785031	0.027065163
-0.999520205	0.030973522	0.745069801
-0.989984671	-0.141174893	0.28309096
0.761512162	0.648150621	1.689952436
-0.70954058	0.704664576	1.853603841
0.972369667	-0.23344642	0.475491088
-0.917582967	-0.397544336	0.106470937
-0.986957999	-0.160977973	1.718600971
-0.320880222	0.947119783	0.137751284
0.784023952	0.620730572	1.578621742
0.956984641	-0.290138583	1.844827189
0.761931027	-0.647658174	1.778214554
0.785314764	0.619096698	1.619180847
0.117188475	-0.993109692	1.786226411
0.623556595	0.781778212	1.807523333
-0.23749536	-0.971388673	1.826413383
0.774255238	-0.632873468	0.269087988
0.923616812	0.38331708	1.479308989
-0.935425729	0.353523275	0.243776062
0.984066683	-0.177799785	1.702075959
-0.910446813	0.41362616	0.996001372
-0.983358676	0.181674749	0.223813319
-0.383482715	-0.923548054	0.32342884
0.708065592	-0.706146668	0.657542776
0.520169335	-0.854063149	1.174172613
-0.675278602	-0.737562749	0.142809979
0.400320407	0.916375235	0.73469255
0.326820661	0.945086375	0.04551994
0.994688344	0.10293249	0.376283632
0.837116627	-0.547024454	1.64941143
0.531767828	-0.84689018	0.820161607
0.020462131	0.999790629	0.633819555
-0.963165875	0.268907971	1.005363602
-0.874156665	0.485644032	0.84314485
0.179981261	-0.983670039	0.202992669
0.069903729	0.997553742	0.283312265
-0.937098804	-0.349064224	1.643563185
-0.82878644	-0.559565042	1.479034925
-0.771722541	0.635959369	1.81850804
-0.629720403	0.776821868	0.306697281
0.759006118	-0.651083491	1.812172297
-0.812923506	0.582370477	1.452561105
0.428102798	-0.903730045	0.814363063
-0.317447833	-0.948275737	0.411140016
-0.985471798	-0.169839148	1.846145268
0.23201482	-0.972712251	0.823858653
-0.509953859	-0.860201756	0.3696799
-0.85106383	0.525062242	0.701609448
0.939819693	-0.341670814	0.074526454
-0.161892228	0.986808445	1.881932227
-0.534355476	0.845259857	1.836303188
0.850505247	-0.525966562	0.156369638
0.313286531	0.949658649	1.270168275
0.867149592	0.498047774	0.110587049
0.231046679	-0.972942667	0.864832407
0.999591471	-0.028581313	0.407764948
0.77189906	-0.635745106	1.093170895
-0.430751772	-0.902470449	1.855508443
0.897402149	0.441213535	0.49563644
0.516012248	-0.856581205	1.390984194
0.49017245	0.871625475	0.022016016
0.673666326	0.739035643	1.290901176
0.989640664	0.143566558	1.653571629
0.937159915	-0.348900121	0.055848286
0.200262497	-0.979742278	1.418373845
0.765497044	0.643439411	0.370543459
0.792172334	-0.610297463	1.29703361
0.994490356	-0.104828104	1.919775841
-0.68831558	-0.725411375	0.430344662
-0.332114132	0.943239208	0.173415798
0.139514161	0.990220076	0.386837516
0.959584161	0.281421814	1.785665705
0.652874862	0.757465784	0.303331787
-0.190138218	0.981757332	1.633284084
0.588071993	-0.808808587	0.66218955
0.886849677	-0.462058059	0.218679318
0.303989471	0.952675391	1.929570597
-0.546949686	0.83716548	1.703296661
0.641524204	-0.767102793	1.638772392
-0.991457553	0.130429753	1.288181845
0.999734681	0.023034056	0.317984179
0.599184788	0.800610761	0.941355601
0.221496956	0.975161063	0.623694594
-0.891474705	0.45307047	1.632306932
0.900899086	-0.434028614	1.375139594
0.855567235	0.517691709	0.723733358
0.952793062	0.303620455	1.670223166
-0.954045845	0.299660683	0.428994136
0.175273246	-0.984519827	0.378900791
-0.904023736	0.427482262	0.252348006
0.388327995	0.921521225	1.519114248
0.985392269	-0.170299962	0.305321297
-0.446215197	0.894925694	0.170744195
0.61419763	-0.789152249	0.841085627
0.481288498	-0.876562252	0.662130607
-0.816426116	-0.577449909	0.668202734
0.837711198	-0.546113495	1.89027635
0.982998505	-0.18361356	0.532978784
-0.932348437	-0.361561048	1.148834609
-0.999760095	-0.021903241	0.362131537
0.70570026	-0.70851051	0.724953903
0.982105873	-0.188329642	1.518626144
0.312466062	-0.949928924	1.609145864
-0.905354002	-0.424657664	0.361976247
0.95576195	0.294141284	1.828414493
0.434808471	-0.900522955	0.456639816
0.247958549	0.968770643	0.890890872
-0.707577096	-0.706636153	1.44849178
-0.25991015	-0.965632805	0.130688307
0.462263511	0.886742604	0.748524109
-0.926102553	0.377271866	1.246821256
-0.982110042	0.1883079	1.662811256
0.877776631	-0.479070126	0.49494463
-0.861714997	-0.507392613	1.977030967
0.563368363	0.826205839	1.239434415
0.751566817	-0.659656971	0.865215569
-0.30350356	-0.952830304	1.729173482
-0.997805011	0.066220541	0.642127152
0.690310489	-0.723513254	1.095771201
0.992745008	0.120238716	0.343044707
-0.761976465	0.647604714	1.647414441
0.384283808	-0.92321501	0.607704833
0.896194176	-0.443662032	1.268887316
-0.021298561	0.99977316	0.313789103
0.652605921	-0.757697507	1.491782154
0.077748856	-0.996972976	0.252658717
0.051243408	0.998686194	1.005094905
0.761260526	-0.648446151	0.913794879
-0.912583245	0.408890964	0.390606332
-0.232044344	-0.972705208	0.10717252
0.364475428	0.931213006	0.075946983
-0.998072029	-0.062066287	1.764284758
-0.998674181	-0.051476987	1.392694825
0.333882825	-0.942614587	0.90473354
-0.774736523	-0.632284208	1.575211151
-0.74730117	0.664485486	0.23171809
0.43885647	-0.898557176	1.267394901
0.710540236	0.703656573	0.841358593
0.878573817	-0.477606582	1.800531002
-0.391092599	-0.920351335	1.5360121
0.507983582	-0.861366751	0.438178357
0.871919375	0.48964947	0.236308504
0.524697069	-0.851289015	0.123188451
0.957127707	0.289666277	0.529583289
0.167351979	0.985897213	0.041077627
-0.833185752	-0.552993221	1.654581381
-0.915820657	0.401587505	1.403846802
0.776083375	-0.630630316	0.528550893
0.636024411	0.771668937	1.60173839
0.69880459	-0.715312621	1.558819429
0.364236988	0.931306296	0.453316126
-0.940811169	0.33893118	0.766802139
-0.992368729	0.123305742	0.34054267
-0.813716816	0.58126151	1.811756505
-0.04786402	0.998853861	0.156654745
0.347231675	0.937779379	1.300904351
0.670269802	-0.742117506	1.796208558
0.255014647	-0.96693719	1.279659638
-0.972658277	0.232240989	1.431136573
-0.157780497	0.98747421	0.332212659
-0.895704524	-0.444649756	0.651657117
-0.880590339	-0.473878312	1.541765555
0.853154256	0.521658715	1.566042336
0.209662311	0.977773857	0.614440564
0.936337793	-0.351100467	0.351831715
-0.143799338	0.989606867	0.079522828
-0.953572848	0.301162454	1.145704371
-0.939192757	-0.343390397	0.175873091
-0.903681044	0.428206224	1.156475346
0.919633433	0.392777736	0.257918105
-0.541744479	-0.840543229	1.823534686
-0.916432456	0.400189397	1.652950027
-0.914081785	-0.405529889	1.261999239
-0.819268598	-0.573409944	0.39275579
0.589589573	0.807703	1.026068484
0.798373597	0.602162437	0.10049274
0.667899932	0.744251088	0.675659887
-0.985265711	-0.17103064	0.591997052
-0.476111032	-0.879385175	0.16354261
-0.976509313	0.215475201	0.842606494
0.8836893	-0.468073949	0.599893892
0.774307056	0.632810069	0.135127472
-0.857488037	-0.514503903	0.113108071
0.920695766	-0.390281062	0.140226514
0.107594033	-0.994194912	1.046412408
0.587534938	-0.809198799	0.933870876
-0.857115404	-0.515124436	0.359436272
0.281626872	0.959523999	1.034200454
0.440826453	-0.897592357	1.265188218
-0.999659954	0.026076351	1.036624729
0.154820663	-0.987942591	1.42887787
-0.99999903	-0.001393131	1.144910933
0.641527974	-0.767099641	1.266399615
-0.993274295	0.115785041	1.753286275
0.457061362	-0.889435164	0.740769757
-0.350280735	0.93664476	0.334007888
-0.452345028	-0.891843022	0.174407798
0.295984075	-0.955192874	1.72811783
0.465037404	0.885291033	1.460881457
-0.722327128	0.691551531	1.465791689
0.75152848	0.659700647	1.447640777
0.508805718	-0.860881375	1.950539099
0.220191496	-0.975456665	1.96678658
0.08005136	0.99679074	0.982366037
0.444397754	0.89582958	0.001038998
0.990649021	-0.136435026	0.483370128
-0.068658638	-0.997640211	0.235748795
-0.895223583	0.445617254	0.558357973
0.882560953	0.470198006	1.434977551
-0.639362552	0.768905408	1.782099024
0.254182168	0.96715636	1.576853706
0.624702655	-0.780862724	0.788176796
-0.950761681	-0.309922936	0.284425676
0.547187489	0.837010067	1.751669739
-0.13892952	-0.990302271	1.7781738
0.265197604	0.964194084	1.371719304
0.223468494	0.974711153	1.252285996
0.13455037	0.990906755	0.373536673
0.786685555	-0.6173539	0.524273091
0.410903755	-0.911678729	0.636913951
0.854352971	-0.519693179	0.976156092
0.914798031	-0.403911576	1.287103011
0.848989314	0.528410016	0.969401071
-0.903227875	0.429161283	1.178770477
0.323151991	-0.946347077	1.279688877
-0.903700617	0.428164915	0.429330378
-0.994479445	-0.104931568	1.916570214
0.257448384	-0.966292052	0.429958512
-0.781761417	0.623577651	1.727563173
0.793722448	0.608280097	1.748154194
0.112559089	0.993645033	1.212824012
-0.999678781	0.025344337	0.007362514
-0.323960663	0.946070552	1.847520026
-0.676527793	0.7364171	1.513907157
-0.994286319	-0.106746036	0.279287337
-0.658076844	0.752950774	0.309637444
0.152023137	-0.988376935	1.537690905
0.689983494	-0.723825102	1.384413857
-0.861351181	-0.508009983	1.396002465
-0.98281167	-0.184610999	0.302574353
0.891043634	0.45391766	1.803477948
0.454120581	0.890940233	0.689476202
-0.144452008	0.989511808	0.372431318
0.22909239	-0.973404683	0.795579869
0.550221983	-0.835018425	1.039152462
-0.975516904	0.219924465	0.842091895
-0.76155501	0.648100275	0.359919635
-0.997056947	-0.076664497	0.987668171
-0.940873707	-0.338757535	1.665953745
0.623154061	0.782099109	0.058431469
0.882131861	-0.471002527	0.593863577
0.228912802	-0.973446932	0.763086525
0.283921244	0.958847604	1.812683394
0.960399393	0.278627	1.589772177
0.986586032	-0.163242155	0.525308089
0.227343851	-0.973814548	0.619500829
-0.602477362	-0.798135971	1.864703669
-0.235279368	-0.971927785	1.551290077
0.710969998	0.703222342	1.532741122
0.829405696	0.558646751	1.031562512
-0.881861067	-0.47150934	0.854723518
-0.989030673	0.147710285	1.937930271
-0.126886333	0.991917264	0.597135887
-0.924719126	-0.380650151	0.998371032
-0.851124079	0.524964572	1.848602205
0.611441069	-0.791289972	0.048123585
0.91893068	0.394419074	0.289633941
-0.623522602	0.781805324	0.023445868
0.649949679	0.759977246	1.877541749
0.381274754	0.924461769	0.914607826
0.159601264	-0.987181562	1.978335234
-0.819279467	-0.573394415	0.356068316
0.007098887	-0.999974803	0.816178757
0.576249065	-0.817274137	1.565865263
0.02875053	-0.999586618	1.894171986
0.620117702	-0.784508786	0.711901277
0.676253673	-0.736668833	0.066099775
-0.593188029	-0.805063949	0.130253017
-0.973894033	0.227003112	0.578107377
0.041279536	0.999147637	1.059341554
-0.070882875	-0.997484646	1.613387544
0.542511028	-0.84004868	1.863186452
0.910045362	0.414508673	0.51963517
0.178036303	0.98402392	1.161767632
0.043089726	0.999071206	0.915752539
0.984970282	-0.172723893	0.296598353
-0.963438328	0.267930191	1.576710283
0.506592597	0.862185561	1.077389191
0.877140566	-0.480233721	0.464547978
0.750720902	-0.660619502	1.055094553
-0.412633334	-0.910897213	1.494780155
-0.675844057	-0.737044646	1.61473569
-0.635362663	-0.772213886	0.210255304
-0.792642745	0.609686378	1.847777951
0.050788891	-0.998709411	0.856455868
-0.999586542	-0.028753175	1.491785784
-0.961934487	-0.273280156	1.205291884
-0.984914921	-0.173039298	1.364781103
-0.372481151	0.928039758	1.780572835
-0.966500493	0.256664755	1.906239989
0.151979361	-0.988383667	0.323950581
0.917547733	0.397625651	0.019762818
0.885033263	-0.46552779	0.414653419
0.035444714	-0.999371639	1.454175893
0.826332366	-0.563182759	1.807054138
-0.858079201	-0.513517366	1.128065073
0.925336345	0.379147266	1.873656212
-0.584520781	0.811378738	1.748084572
0.360106802	0.932911084	1.24481704
-0.297706513	-0.954657442	0.280159883
-0.9949503	-0.100368818	1.457105993
0.828698464	0.559695324	1.415843602
-0.991525181	0.129914643	1.707056912
-0.955138763	-0.296158644	0.499848881
0.044011803	-0.999031011	1.433806923
-0.907202556	0.420694097	1.546530701
0.646239851	0.763134362	1.978356173
0.233532736	0.97234894	0.328259259
0.723975845	-0.689825323	1.968760863
-0.6817371	0.731597243	0.484978295
-0.989406235	0.145173353	1.772888581
-0.88538316	0.46486198	0.378362911
-0.977311068	0.211809055	0.407197252
0.862755882	0.505620695	1.51407468
0.430707798	0.902491436	0.562384329
-0.892997682	0.450061263	1.272789116
-0.843046943	0.537839987	0.318448131
-0.812821267	0.582513166	0.020520074
0.059727331	-0.998214729	1.454573605
-0.387337261	0.921938092	0.430445495
0.148385962	0.988929525	0.782603771
0.235025521	-0.9719892	0.150930772
0.98946983	0.144739268	0.20922955
0.954056037	-0.299628233	0.179667579
0.095193742	-0.995458764	0.277488918
-0.932466037	-0.361257649	1.914684869
-0.155104089	0.987898133	1.889390198
-0.262696425	0.964878536	0.418444524
-0.966547436	0.256487923	0.602188763
0.389459811	-0.92104346	1.840733511
0.639663776	0.768654834	1.623774817
0.082922831	0.996555971	1.569655386
0.093591258	0.995610705	0.582876341
-0.555011556	0.831842637	1.510112748
0.8628159	0.505518272	0.37423185
-0.852810994	0.522219694	1.76779416
0.941069466	0.338213334	1.517966075
0.41050238	-0.911859527	1.177226437
0.977218266	0.212236804	1.791633032
-0.131366877	0.991333821	1.378187096
0.841210023	-0.540708515	0.643249963
0.204868966	-0.978789409	0.318514454
-0.972566832	0.232623638	1.655131016
0.847514814	-0.53077174	1.05073258
-0.816086277	0.57793009	1.498924801
0.767702132	-0.640806864	0.736842251
0.635461084	-0.772132897	0.576494868
-0.992274451	0.12406214	0.208998916
0.466233229	0.884661843	1.903640711
-0.143287148	-0.989681157	0.472408263
0.980208117	-0.197969817	1.461454559
-0.93977672	-0.341788995	1.804072292
-0.970312559	-0.241854374	1.152543645
-0.991813447	0.127695288	1.13957909
-0.451696421	0.892171701	0.432708898
0.751738905	0.659460854	1.914527329
-0.76604102	-0.642791689	0.606233723
-0.234932796	0.972011616	0.117756829
0.443022478	0.896510504	0.489388808
0.960138553	-0.279524523	1.655832302
-0.046419746	0.998922023	0.607665945
-0.99972123	-0.023610654	1.616526567
0.296188202	-0.955129598	1.594186347
0.697801797	-0.716290899	1.458316079
-0.99293412	-0.118666899	0.153198469
-0.558851943	0.829267451	1.885866413
-0.999899891	-0.014149505	0.256790025
0.844183111	-0.536054919	1.018820886
0.492688221	0.870205905	0.74114678
-0.897460215	0.441095412	1.866949247
0.245227537	0.969465551	1.700013083
0.995247978	-0.097372796	0.466772722
-0.979160996	-0.203085558	0.921909599
0.452542416	-0.891742879	0.733618383
-0.743315312	-0.668941213	1.81986242
-0.8294791	-0.558537755	1.526108324
0.598777576	-0.800915361	1.761881436
0.714223306	-0.699917901	0.828410619
-0.983871375	0.178877381	0.844756908
0.965579778	0.260107077	1.911897462
0.852564223	-0.522622469	0.79973073
0.730223345	0.683208509	1.845834655
0.468296716	-0.883571268	1.239510049
0.75532258	-0.655353187	0.628435586
-0.799045927	-0.601269994	0.523565652
-0.882001199	-0.471247159	0.959831759
0.740944772	0.671565965	0.743771374
-0.178248654	-0.983985476	1.625103577
0.808550507	-0.588426782	1.934947601
0.484477781	0.874803566	1.127892206
-0.7718407	0.635815959	1.50628637
0.773013045	0.634390126	1.113890337
-0.999959402	0.009010737	0.933024405
0.995622029	-0.09347072	0.330269005
-0.186482663	0.982458252	0.492819407
-0.813769136	-0.58118826	0.336753272
0.853957429	-0.520342876	0.73234775
-0.540687705	-0.841223398	0.264861479
-0.947292294	-0.320370582	0.209128207
0.11565283	0.993289697	0.542086679
-0.193529743	-0.981094409	1.682444379
0.073856721	-0.997268863	0.440465873
0.81840228	0.574645724	0.928691989
0.162977424	0.986629799	1.62891373
0.980995534	0.194030313	1.761432409
0.278779741	0.960355068	1.456380929
-0.87555619	-0.483116298	1.905456526
-0.181532362	-0.983384971	1.371355635
-0.180859389	0.983508964	0.331953192
0.579463762	0.814998005	0.4598855
-0.999859486	0.016763307	0.166042959
-0.720244646	-0.693720153	1.437560024
-0.944040482	0.329829605	0.994023966
0.714284809	0.699855136	1.318638747
0.748968515	-0.662605587	0.377439482
0.964592354	0.263745315	0.107742194
-0.930758743	0.365633919	1.343092431
-0.808854963	0.588008204	0.243112336
-0.975261968	-0.221052241	0.96593309
-0.571625032	0.820514974	1.503433384
0.807511251	-0.589852167	0.496797624
0.705140247	-0.709067862	0.925289117
0.443602409	-0.89622369	0.121475252
-0.996859191	0.079194397	1.95508631
0.333973933	-0.942582311	1.445102717
-0.78491874	0.619598718	1.555513973
0.83956512	0.543259063	1.317617125
0.342699893	0.939444934	1.281172931
-0.573207907	0.819409968	1.936974523
0.855801684	-0.517304047	0.564351666
-0.927868208	-0.372908283	1.774530877
0.080379237	0.996764354	1.30419863
0.422524671	0.906351423	1.290364257
-0.871699346	-0.490041071	0.740044558
-0.876440628	-0.481509944	0.910216161
-0.01239299	-0.999923204	1.42106499
-0.853992801	0.520284821	1.893619261
0.109169835	-0.994023112	1.317962982
0.589854028	0.807509892	0.098265913
-0.595050301	0.803688459	1.996976487
0.048016502	-0.998846543	0.795975969
0.836048385	-0.548655719	0.908541378
-0.916692473	0.39959343	0.335893884
0.577687325	0.816258142	1.546023264
-0.099968028	-0.99499065	1.63461166
0.206112793	-0.97852824	0.041904801
-0.489626031	0.871932538	0.331380763
0.996857973	-0.079209736	1.865433631
-0.336234378	0.941778341	0.378316627
0.752196676	-0.658938662	0.362987131
0.412461989	-0.910974812	1.736830888
-0.984877707	-0.17325098	1.052439886
-0.749716851	0.66175875	1.964442719
0.842748021	-0.53830825	0.632709947
0.204514491	-0.978863536	0.2803691
-0.09956094	-0.995031466	0.619451003
-0.318458394	-0.947936839	0.331962012
-0.51980372	-0.854285721	1.544334997
0.256561817	0.966527824	0.938540436
-0.080628121	-0.996744253	1.831280423
0.998682856	-0.051308411	1.567163591
-0.818355143	0.57471285	0.517343703
-0.320452029	0.947264745	0.057167787
0.185992953	-0.982551078	0.935785588
0.684208772	0.729286197	1.075851955
0.956153682	-0.292865389	1.46851844
-0.971964713	-0.235126767	0.395183225
0.528619963	-0.848858607	1.724475961
0.063069834	-0.998009116	1.975007286
-0.076219848	-0.997091036	1.40665667
0.686344863	-0.72727624	0.162061825
0.930026276	0.36749303	0.504099443
0.247311528	0.968936019	0.383182757
0.457934196	0.888986092	1.665858896
0.212566166	-0.977146675	0.393597479
0.787354287	-0.616500792	1.31006203
-0.910520757	0.413463361	0.644957075
-0.853403311	-0.521251176	0.44462462
0.116286662	-0.993215693	0.162808598
0.655831726	-0.754907112	0.420081657
0.544335072	0.838867885	0.622145129
0.798819007	-0.601571437	0.548689308
-0.484784895	0.874633412	0.165131699
0.906196806	-0.42285618	0.372422458
-0.891217479	-0.45357624	1.668372599
-0.062246315	0.998060818	1.513921573
0.983817224	-0.179174967	1.916744108
0.059265812	-0.998242237	1.045793703
-0.112335045	0.993670387	0.143332308
0.476891254	0.878962304	1.192928854
0.213582646	0.976924999	1.333479625
-0.229292402	-0.973357588	0.081743869
0.815423092	0.578865425	1.097319963
0.438386577	-0.898786521	1.697340803
0.922950765	-0.384918025	0.425179438
0.811638293	-0.584160322	1.332585852
0.246837476	-0.969056892	1.663420951
-0.604630101	0.796506398	1.706053538
0.855078194	-0.518499067	1.032639597
-0.996290035	-0.086059081	1.095802705
0.525330269	-0.850898412	1.520915101
-0.228025315	0.973655204	0.140010727
0.341030397	0.940052269	0.543954843
0.039709739	-0.999211257	0.990587311
0.917658606	-0.397369706	1.875746665
0.137466954	-0.990506354	1.72397754
0.290650075	-0.956829417	1.20598025
0.271774395	-0.962360992	0.342682994
0.814410738	-0.580288851	1.607973631
0.217867225	-0.975978418	1.351322749
-0.507586572	0.861600761	0.319951565
-0.142590464	0.989781774	0.036875311
-0.997078863	0.07637893	0.007133728
0.895696851	0.444665212	0.007550585
-0.914337811	-0.404952302	0.788514831
0.69940769	-0.714722942	1.03293451
0.433717808	-0.901048757	1.081153637
0.250696674	0.968065689	1.67078765
0.457766494	0.889072459	0.031603244
0.016926326	-0.999856739	1.886887928
0.337322903	0.941389005	0.332310902
-0.681491468	0.731826057	0.292959792
0.621768237	0.783201289	1.694616674
0.320143454	-0.947369077	0.523089153
0.52943016	0.848353526	0.365616556
0.407383834	-0.913257035	1.16349088
-0.087315616	0.996180698	0.491818783
-0.546657048	0.837356598	0.1673394
-0.198498975	0.980101095	0.14128099
-0.802893824	-0.596122058	0.543272653
0.367910636	-0.929861153	1.612778577
0.998063503	-0.062203245	1.997643177
-0.98956158	-0.144110651	0.522312673
0.403602587	0.914934397	0.799674033
-0.963341173	-0.268279304	1.187594664
-0.286081965	-0.95820515	0.232383086
0.821770804	0.569818169	0.909045434
-0.99287152	-0.11918953	1.926030979
-0.882153429	-0.47096213	1.294454792
-0.528170701	0.849138216	1.903930675
-0.846924052	0.53171388	0.774628461
0.908126897	0.418695044	0.032733518
0.942729648	0.333557807	0.534812416
0.305983452	0.952036831	1.350770213
0.934475442	0.356027594	0.043061487
-0.024147229	-0.999708413	0.738535375
-0.055480209	-0.998459787	1.413825966
-0.166829911	0.98598569	1.936504478
-0.070648507	0.997501272	0.678927148
0.199263966	0.979945852	0.896008788
0.882819133	0.46971308	1.719392635
-0.663653389	-0.748040225	0.296671799
0.221320266	0.975201179	0.555183828
0.567580357	-0.823318006	1.848214369
0.656306393	-0.754494478	0.861214422
0.268221302	0.963357324	0.470251437
0.92233511	0.386390924	0.101957466
-0.66698311	-0.745072836	1.747760265
-0.749509848	0.661993193	1.85906382
-0.510930678	-0.859621918	1.785087742
0.272727163	-0.962091417	0.005730265
-0.999961122	-0.008817855	0.789908814
-0.50313004	-0.864210717	1.686705018
0.520406476	-0.853918673	0.908846568
0.922062264	0.387041576	0.313259407
-0.975036835	-0.222043171	0.813205836
0.996366919	-0.085164323	1.629937876
0.465943754	-0.884814341	0.709500078
-0.038341238	0.999264704	0.604679965
-0.999498158	-0.031676994	1.339720535
0.215996031	-0.976394241	1.714027421
-0.999433287	-0.033661623	1.846690598
-0.980982503	-0.194096184	1.186140314
-0.997130622	-0.075700217	1.3247867
-0.979356841	-0.202139007	1.725938308
-0.960520667	0.27820864	1.92804409
0.112927937	-0.993603181	1.223905613
-0.275988166	-0.961161033	0.126096106
0.661859066	-0.749628293	1.509004255
-0.41405126	-0.910253566	1.965154617
0.251304413	0.967908101	1.044091408
-0.932747634	-0.360529959	0.099192149
-0.882449476	0.470407188	0.806688153
0.287901683	-0.957659971	1.660906533
0.614154124	-0.789186107	0.980353741
-0.908403223	0.418095187	0.235943309
0.876076466	-0.482172196	1.85705555
-0.983077124	-0.183192162	0.359018561
-0.882573328	0.470174777	0.562329446
-0.946804004	0.321810779	1.886239007
0.298697974	-0.954347694	0.738632969
-0.916398968	0.400266075	1.789072871
-0.837579864	-0.546314901	1.805249069
0.862052059	0.506819738	1.290896474
-0.837482684	0.546463863	1.994008256
-0.306713432	0.951801907	1.796036246
-0.901491126	-0.432797585	0.887812712
0.580906773	-0.813970098	1.686341696
0.534584258	0.845115182	1.486329084
0.780758941	-0.624832358	0.621428826
0.830798781	-0.556572894	1.073352163
0.370699056	-0.92875304	1.495603758
-0.870463009	-0.492233836	0.291737207
-0.710240202	-0.703959413	0.173553476
-0.993808626	0.111105422	0.63012866
-0.872222767	0.489108827	0.820302923
0.658429522	0.752642388	0.742586904
0.915987185	0.401207524	0.331241793
0.952622854	0.304154069	1.759499607
-0.449829152	-0.893114625	0.112978372
0.711372391	-0.702815283	1.138263547
0.483757306	0.875202188	0.246274423
0.997698897	-0.067800527	1.744408284
0.448569997	-0.893747704	1.289667467
0.935579559	-0.353115971	1.805245506
0.463723619	0.885979912	0.280556981
-0.788092273	0.615557121	1.995069056
0.108549449	0.994091051	0.394099568
-0.469089189	-0.883150799	1.906993292
0.834155788	0.551528895	1.458584881
0.585472893	0.810691983	0.854621916
-0.977416931	-0.211320003	0.529551718
0.194038276	0.980993959	0.793571089
-0.98974596	0.142838838	0.280710099
0.340806185	-0.940133578	1.832930725
0.306303808	0.951933809	0.007322587
0.791115677	-0.611666564	0.581005127
0.269457712	0.963012223	0.741373724
0.465901634	0.88483652	1.14471446
-0.166114066	-0.986106545	0.225802689
-0.054627755	-0.998506789	0.370801988
0.710411115	-0.703786934	1.594911144
-0.921686963	-0.387934456	1.035760256
-0.997597073	-0.069282605	1.939005302
0.60256959	-0.798066344	0.519445661
0.999280132	-0.037937025	1.959871528
-0.919536248	0.393005202	0.480062913
0.822397867	0.568912778	0.258005327
-0.835260119	0.549855011	0.258400442
0.935047149	-0.354523384	1.883853471
0.711767142	-0.702415501	1.903042433
-0.971775618	-0.235907076	0.276495149
-0.568612348	-0.822605615	0.435323244
-0.987618971	-0.156871819	1.838011082
0.789747555	-0.613431984	1.689060754
-0.869153183	0.494542966	0.732564024
-0.557529428	-0.830157176	0.329458659
-0.985469008	0.169855336	0.815137985
0.96794378	-0.251166953	0.566287484
-0.996216218	0.086909414	1.492391344
0.338583991	-0.940936173	1.713738521
-0.751710833	-0.659492853	1.753166685
0.658028425	0.752993089	1.502334782
-0.97646141	0.215692176	1.237961644
0.02017841	-0.999796395	0.512417482
0.726860718	-0.686784898	1.161067942
0.725071516	-0.688673578	1.434939165
0.460287795	-0.88776976	0.926782126
0.622872541	0.782323333	0.858875634
0.99880943	-0.048782394	0.14179077
-0.958991639	-0.283434361	0.219606212
0.931771957	0.363044102	0.450711952
-0.98015818	-0.198216906	0.299902134
-0.896285161	-0.443478196	0.032125925
-0.30944329	-0.950917899	0.289827554
0.363259435	-0.931688029	0.360423342
0.969945567	-0.243322001	0.291040244
0.646986961	-0.762501064	1.252557311
0.804010235	-0.594615457	0.910854754
0.405154065	-0.914248426	0.431013505
0.335098499	0.942183101	0.988472013
0.607569804	0.794266286	1.381518701
0.483736189	0.875213859	1.593137772
0.73510353	-0.677954865	1.320834728
-0.931520528	-0.363688747	0.680697801
-0.86047192	0.509497865	1.289453147
0.761943629	-0.647643348	1.004781595
-0.708086695	0.706125508	1.781014505
-0.999936808	-0.011241887	0.139443617
-0.29640124	-0.955063508	1.906265022
-0.895338107	-0.445387107	0.453521921
-0.748193344	0.663480761	0.289664994
0.345169182	0.938540482	1.199023149
0.973817357	-0.227331818	0.437651893
0.742983612	-0.669309608	1.492022093
-0.761280025	0.64842326	1.390885471
-0.73904796	-0.673652813	1.702959039
-0.067567387	0.997714713	0.609716889
0.777927568	0.62835396	0.530513668
0.997640254	-0.068658017	1.977195299
0.842428379	-0.53880834	0.378606513
-0.160152623	0.987092264	1.759965005
0.893093708	0.449870679	0.12858494
-0.964476751	0.264167742	0.151197958
-0.832407303	0.55416431	0.542477508
0.998558022	0.053683117	0.498872611
-0.906316314	0.422599975	0.859669949
0.96549775	-0.260411395	1.632011428
0.47496302	0.880005756	1.926035498
-0.770755998	0.637130435	1.486407201
0.384715898	0.923035036	0.54032004
-0.753182902	-0.657811155	1.426376942
-0.049624367	0.998767952	0.558945384
-0.977621706	0.210370624	1.822079922
-0.996605414	-0.082326474	0.961596898
-0.423775416	0.905767297	0.122777346
0.229495565	-0.973309707	1.396493319
-0.735032614	0.678031752	0.195451027
-0.891431316	-0.453155833	0.854790944
0.595601588	-0.803279994	0.88829422
0.863075906	-0.505074232	0.768608916
-0.84389927	0.536501652	0.791092425
0.157735136	0.987481456	1.836210754
-0.975392309	0.2204764	1.511091639
-0.999011475	-0.044453044	1.189896158
0.759140302	-0.650927032	1.485551728
0.846561797	0.532290451	0.463363508
0.805909634	-0.592038565	1.346483069
0.746231485	0.665686541	0.584919861
0.901049171	-0.433716949	1.716218644
-0.989395791	0.145244513	0.429702014
0.842191785	0.539178076	1.381712755
-0.871702461	0.490035529	1.745281302
0.998209456	-0.059815394	1.929262142
0.976070992	0.217452105	0.536419299
-0.829114473	0.559078877	1.74903122
0.379602506	-0.925149684	1.874610321
0.713718495	-0.700432659	0.304748667
-0.888037624	0.45977079	0.36151215
0.438348917	-0.898804888	0.972667115
-0.996702565	-0.081141837	0.810520953
0.421088434	0.907019587	1.993096811
0.66498606	0.746855769	0.063221168
0.807192704	-0.590288013	1.636926172
0.98150253	0.191449167	1.76780204
0.693489338	0.720466889	1.209371433
0.151919665	-0.988392845	1.585604656
0.961413337	0.27510797	0.224553833
0.926688629	-0.375829994	1.656998713
-0.992368872	-0.123304593	0.246822543
0.740750073	0.671780715	0.951503886
0.872971091	-0.487771949	0.595840138
0.236775504	0.971564388	1.080769466
0.723129717	0.69071225	1.202959371
0.795931874	-0.605386201	1.42494803
-0.989773616	0.14264708	0.53926976
-0.211918179	0.977287412	1.654753432
-0.998091501	0.061752366	0.482228225
0.50254816	0.864549216	1.49452189
0.480055132	0.87723832	1.218994035
0.988028405	-0.154272066	0.10426495
0.855063249	0.518523713	1.456522362
0.931326053	0.364186466	0.536634543
-0.975476963	0.220101557	0.231714585
-0.931535001	0.363651676	1.205652717
-0.947363112	-0.320161105	1.705777646
0.475928713	-0.87948386	1.603707745
-0.979298632	-0.202420822	0.432630245
-0.18609371	0.982532	1.876206183
-0.779120169	-0.626874599	0.436331395
-0.386140715	-0.922439888	0.141329302
0.462722241	-0.886503315	1.926199482
-0.668477195	0.74373264	1.610712766
0.279213142	0.960229151	0.804520567
-0.994048528	0.108938166	1.883762355
-0.373969741	-0.927440905	1.520807031
0.632112191	0.774876879	0.362097173
0.772267466	-0.635297537	0.521719212
0.011524978	-0.999933585	1.969604682
0.790676437	0.612234246	1.137816802
0.500597775	-0.865680003	0.721799216
-0.517443477	-0.855717388	0.463992392
-0.999674569	0.025509939	0.187098675
0.258394409	0.966039507	1.988381871
0.610193991	0.792252039	0.810378009
-0.821469854	-0.570251943	1.251932231
0.795493102	-0.605962643	0.131777322
-0.239245898	0.970959011	1.628012555
0.899965242	-0.435961654	1.457302995
0.370648697	-0.928773139	1.958293177
-0.661897474	-0.74959438	1.98807092
0.307866342	-0.951429617	1.506042693
0.519141249	0.85468846	0.545981009
-0.971222598	0.238173601	1.439702191
0.597371663	-0.801964523	0.053239203
-0.723547005	-0.690275113	1.737025162
0.976721139	0.214512973	0.262421098
-0.98124557	0.19276185	0.982982656
0.482526621	-0.875881305	1.630996447
0.581355348	-0.813649777	1.369220849
0.635276495	0.772284776	0.39624346
-0.304120964	-0.952633423	1.818234702
0.724870898	0.688884738	1.562233961
-0.254739173	-0.9670098	0.117218648
-0.078397808	0.996922155	1.52391762
0.780038556	-0.625731453	0.814735454
-0.938210329	-0.346065571	1.944416329
0.999875208	0.015797737	0.191491413
0.903787335	-0.427981836	0.505401239
-0.133473599	0.991052369	0.048711467
0.520011119	0.854159491	0.885935512
-0.838351378	0.545130229	0.30384474
0.979761925	0.200166358	0.029643892
0.759982247	-0.649943831	1.306597149
-0.995711114	0.092516905	1.287017038
-0.889609754	0.456721453	0.821795642
0.943551204	0.331226697	1.780728892
0.702797564	-0.711389895	0.248734804
0.972185967	0.234210258	1.956846429
0.925901535	-0.377764938	0.183188684
0.281446495	-0.959576923	1.317395176
0.699812621	0.714326463	1.185878605
0.151127251	-0.988514316	1.691518301
-0.868872627	-0.495035714	1.584964818
0.968938666	0.247301155	0.066484771
-0.102510525	0.99473192	1.457768591
0.73562149	0.677392813	0.474745114
0.917953475	0.396688062	1.618227356
0.999184225	0.0403842	0.20776366
-0.849852388	-0.527020796	0.824309482
0.726728855	0.686924429	1.955444894
0.958217696	0.28603994	1.850040758
0.687849354	0.725853474	1.286561272
0.370691017	0.928756249	0.749671702
0.815039916	-0.579404811	0.41472538
0.695841942	-0.718194954	0.06774827
-0.913225961	-0.407453486	1.302108164
0.035983983	-0.999352367	0.790418145
0.987551773	-0.157294298	0.334629051
0.413272255	-0.910607513	0.070743863
-0.91743851	0.397877595	1.25819683
0.256326636	0.966590221	1.138354944
0.337538627	-0.941311678	0.435465382
-0.058222062	0.998303657	0.732496051
-0.974743345	-0.223328037	1.622493895
0.222796122	-0.974865061	0.513486112
-0.273222154	0.961950963	1.739008724
0.120025455	-0.992770815	0.049401822
-0.060377618	-0.998175607	0.446154405
-0.948926006	0.315498708	0.274284396
-0.94619108	0.323608467	0.850719618
-0.855960572	-0.5170411	0.184155484
0.20712933	0.97831357	0.810839507
-0.572162836	0.820140042	0.150013588
0.963192082	0.268814085	0.358152428
0.626436478	0.779472475	1.771469405
0.55495301	0.831881696	1.883698157
0.562811445	0.826585312	1.30819654
-0.857770409	0.514033001	0.650937867
0.565311298	0.824877649	0.031701091
0.536217327	0.84407996	0.952803827
0.880172311	-0.474654299	1.664574138
0.999997816	0.002089809	0.299113888
0.607307534	0.79446684	0.007334173
0.699188696	-0.714937177	0.770937298
-0.345891306	0.938274589	1.636727256
0.04585483	0.998948114	0.378783409
0.406523043	0.913640529	0.428511132
-0.997193629	-0.074865657	0.012876965
0.151510134	0.988455704	1.84966041
-0.123338381	0.992364673	0.230542112
0.524083773	0.851666718	1.332513168
0.503094348	0.864231495	1.731348684
-0.830049258	0.557690084	0.508105882
-0.248320704	-0.968677876	1.852352478
-0.999298813	-0.037441709	0.578756322
0.967662364	-0.252248983	0.001583684
-0.085740661	0.996317489	1.859825712
0.481371611	-0.876516613	1.743298586
0.897092562	0.441842659	1.702503362
-0.916560793	-0.399895377	1.574032204
0.180318017	-0.983608363	0.105359372
-0.909261671	-0.416224956	0.665650279
0.107820652	-0.994170361	0.410458857
0.756390244	-0.65412063	1.774244246
-0.161574491	0.986860519	0.410863491
0.657211223	0.753706447	0.246898073
-0.984210652	-0.177001107	0.965399477
-0.837534147	0.546384986	1.762917813
-0.411003616	-0.911633713	1.807572687
-0.930414915	0.366507962	1.027732697
0.293729051	0.95588872	1.853598369
-0.953505434	-0.301375825	1.589058829
0.992769988	-0.120032291	0.185421354
0.706714326	-0.707499019	0.44489266
0.598369933	0.801219959	1.660480582
0.170435979	-0.985368752	0.055276383
0.825479186	0.564432559	0.281775519
-0.600977391	0.799266023	1.67510522
-0.93575896	0.352640283	1.210386353
0.506000116	0.86253341	0.356593667
-0.060191288	-0.998186861	1.936495659
-0.999987366	0.005026796	1.150314311
0.789220611	0.614109785	1.201756705
0.528489281	-0.848939974	0.622166225
-0.793120397	0.609064886	0.561777773
-0.698436667	-0.715671868	0.144018189
0.989262208	-0.146151577	1.499024411
0.571413535	0.820662276	1.020100775
-0.728556178	0.684986055	0.190617661
-0.362148247	0.932120511	0.170264259
0.875917079	-0.482461677	1.789281491
-0.773443196	0.633865619	1.634076305
0.967579395	0.252567048	0.354026423
-0.215164375	-0.976577847	0.164424134
0.733598179	-0.679583484	1.764366303
-0.995930335	-0.090126399	1.581758509
0.776210152	0.630474266	1.107157386
0.033073691	-0.999452916	0.924284887
0.999680343	-0.025282646	1.556336069
0.956968962	-0.290190291	0.587263748
0.997259252	-0.073986377	0.434359762
0.902806628	0.430046732	0.002442391
0.784858968	0.61967443	0.372756867
0.992394226	-0.123100366	1.554043824
-0.614782822	0.788696445	0.338079289
0.198139876	-0.980173755	1.634920109
0.009726708	-0.999952694	1.05432684
0.440443069	0.897780543	0.932380345
0.672534765	0.740065531	0.223413702
0.537480449	0.84327621	0.553844862
0.535195494	-0.844728231	0.402862827
-0.193240571	0.981151406	0.412625162
0.511760072	-0.859128412	0.025733398
-0.972317904	0.233661919	0.563306814
0.995107245	0.098800658	1.913043661
0.939013633	0.343879917	0.080710115
-0.002016551	-0.999997967	0.812055058
0.561468982	-0.827497784	0.10068331
-0.952969332	0.303066745	1.600548835
0.652730211	0.757590438	0.139800054
0.577396421	-0.816463944	0.799600432
-0.024811817	-0.999692139	0.279086911
0.276683167	0.960961199	0.777042266
0.863311369	0.504671656	1.715488719
-0.568378443	-0.822767249	0.123437523
-0.710351654	-0.703846949	1.734093721
0.768286907	0.640105639	0.535896902
0.575561406	-0.817758564	0.284313451
-0.271313161	-0.962491127	0.022104605
0.561423461	0.827528669	1.632918378
0.649728296	-0.760166522	1.163571421
-0.988757113	-0.149530505	1.47596737
-0.003448838	0.999994053	1.278994356
-0.995336024	-0.096468644	1.467013625
-0.650256975	0.759714332	1.559042147
0.634614006	0.772829259	1.598685526
-0.820597029	-0.571507232	1.440741606
-0.974093459	-0.226145823	1.877467041
-0.96921009	0.246235257	0.114611276
0.856985235	-0.515340961	1.104773584
0.447402858	0.894332535	0.907861453
0.880105172	-0.474778776	1.78530492
0.519350977	-0.854561035	1.40744843
0.99430986	0.106526532	1.691090378
-0.960408472	-0.278595705	1.709362158
0.756852461	0.653585765	0.017385092
-0.958445899	-0.285274357	1.753013169
0.582935241	0.812518618	1.660638266
0.554236331	-0.832359351	0.039115258
0.929888028	0.367842704	0.138707001
0.694436541	0.719553952	1.000908093
0.697978179	0.716119028	1.480613543
-0.985704257	0.16848477	1.420187779
0.11016272	0.993913565	1.898442971
-0.997851828	0.06551129	1.789119221
0.650241984	-0.759727163	1.752185588
-0.516989685	0.855991627	0.332910077
0.590746419	-0.806857279	1.85840588
0.999971642	-0.007531014	0.130133983
0.251723164	-0.967799281	1.615268718
-0.680553592	-0.732698306	0.225705424
-0.997998555	-0.063236728	0.825041169
-0.130987204	-0.991384059	1.631039136
0.699173428	-0.714952109	0.876678943
0.091736305	-0.995783335	0.441128667
-0.801974979	0.597357626	1.534014115
-0.887693593	0.46043467	0.361188511
0.500735292	-0.865600466	1.175225355
0.395463437	0.91848172	1.656534619
-0.94300033	0.332791793	0.886389821
-0.979196858	0.202912576	0.511466973
-0.977646176	0.210256879	1.942575834
0.508726363	0.860928271	0.378965099
-0.236635292	-0.971598548	1.9540177
0.953161249	0.302462615	1.711032134
-0.866529111	0.499126537	0.263146152
-0.773486975	-0.633812195	0.61890209
-0.956109119	0.293010841	0.297493191
0.53352186	0.845786276	0.040671181
0.962317392	-0.271928737	0.507263265
-0.989334767	0.1456596	1.220514891
0.69871924	0.715395991	1.343674118
-0.585592657	-0.810605477	1.911045064
0.278065413	0.960562141	1.637823055
-0.327585312	0.944821604	0.012559753
-0.916510869	-0.400009783	0.430364823
0.899115123	-0.437712229	1.777581667
0.05802945	-0.998314872	0.393648979
0.19524975	-0.980753555	0.25167039
0.901498464	-0.4327823	0.658210675
0.39133423	0.920248619	1.818123826
0.605222528	0.796056337	1.732115575
0.06363673	0.997973129	1.852072716
-0.394543074	-0.918877447	1.681420631
-0.976051877	0.217537891	0.974061132
0.196006195	0.980602657	0.910667675
0.00535246	-0.999985675	0.574247215
0.107092727	0.994249037	0.627620586
-0.998658911	0.051772383	1.715022995
-0.429969744	-0.902843297	0.40846962
-0.895709007	0.444640726	0.126910451
0.033332098	-0.999444331	1.629953013
-0.969161796	0.24642527	0.932389408
0.148190763	-0.988958795	0.731788431
-0.992184934	0.124776026	1.913724359
0.66398558	0.747745378	1.25950759
0.035740314	-0.999361111	1.658527997
-0.740333827	0.67223941	0.384746514
0.014751958	-0.999891184	1.697513903
0.853195567	-0.521591147	1.339321133
0.632481322	-0.774575611	1.972716804
-0.998566027	0.053534014	1.042623008
0.248303438	-0.968682302	1.843172479
0.99826667	-0.058852825	0.099946483
0.232663712	0.972557246	0.118685254
0.133471827	0.991052608	0.312426682
-0.971345942	-0.237670068	0.296135718
0.4057539	0.91398237	1.248610469
-0.909380199	-0.415965928	0.762775234
0.707490764	0.70672259	0.399618537
0.595756865	-0.803164839	1.406637091
0.028896913	-0.999582397	1.926785904
0.414281026	0.910149016	1.680952524
0.36766288	-0.929959143	1.900874218
0.728391885	0.685160756	1.94008123
0.891705766	-0.452615539	0.663045114
-0.985428987	-0.170087364	0.143199955
-0.579578216	0.814916617	1.939178671
0.427784706	-0.903880659	1.403395208
0.454441236	-0.890776719	1.07137155
0.128404588	0.991721867	1.381537611
0.441634826	-0.897194896	1.4679366
-0.979347383	0.202184826	0.687931867
0.150695237	0.988580268	0.047434293
0.283392574	-0.959003988	1.363220958
0.935204187	-0.354108922	0.318572314
0.806397934	0.591373293	0.338601145
0.911827908	0.410572608	0.457370043
-0.178411936	0.983955884	1.673255634
0.001699862	0.999998555	1.405965955
0.98750926	0.157560977	1.924887877
-0.6722479	-0.740326118	0.116142242
0.694200585	0.719781597	0.854661612
0.9963672	0.085161046	0.292436506
0.914283936	0.405073924	0.052790907
-0.333631605	-0.942703533	0.000362374
0.829885977	0.557933029	1.076986735
0.503014338	0.864278066	1.4739365
0.159913394	-0.987131048	0.783592027
0.371245993	-0.928534551	1.891825947
0.987837185	0.155491789	0.061577372
-0.272121124	0.962263007	1.845647348
-0.740742591	-0.671788965	1.812628192
-0.358348521	-0.933587884	0.364239574
-0.656424468	0.754391753	1.88923067
0.534459909	0.845193827	0.705266234
-0.854612268	-0.519266666	0.006139386
-0.679807499	-0.733390595	0.541586145
0.516255713	0.856434492	0.823821494
-0.963940384	0.266118274	1.690904492
-0.996632116	-0.082002591	0.279928953
0.574941764	0.818194334	0.595468622
-0.821913416	-0.569612444	0.525096748
0.888400192	0.459069818	1.582615244
-0.989537478	-0.144276051	0.553948665
0.959634699	0.281249433	0.188999959
0.332156231	0.943224384	0.632444363
0.633309235	-0.773898839	0.906168314
0.360615541	-0.93271455	1.766683986
0.429137679	-0.903239089	0.577852914
-0.993240602	-0.116073709	0.170943848
0.352702973	-0.935735333	0.890295125
0.247313691	0.968935467	0.418431618
0.312080968	-0.950055509	0.603791224
0.999989933	-0.004487096	1.907908566
0.4343916	0.900724119	0.160768879
0.797518764	0.603294141	0.847065633
-0.933104862	-0.359604389	0.864803114
-0.86256222	-0.505951003	0.146845242
-0.989934876	0.141523645	0.617276499
0.980580375	0.196117639	1.865180921
0.999788558	-0.020563069	0.450515481
-0.457817433	-0.88904623	0.421201755
-0.115431699	-0.99331542	0.485710085
-0.999483931	-0.032122775	0.338786255
-0.914399488	-0.404813015	1.279040581
-0.831891724	0.554937979	1.510403726
0.138259942	-0.990395976	0.882997729
0.770353884	0.637616573	1.535754986
-0.936044463	-0.351881746	1.737206115
0.056960559	0.998376429	1.119394164
0.776988956	-0.629514227	1.531485
0.349323252	-0.937002276	0.83104068
0.9187554	0.394827197	0.519695071
-0.999998197	0.001898859	1.718066144
-0.663164254	0.748473896	1.685259586
0.598963205	0.800776547	0.269446517
0.586520951	-0.809934055	0.7646264
-0.986477674	0.163895693	1.89241851
0.514471164	-0.85750768	0.050031097
-0.656742145	-0.754115213	0.26879699
0.852046637	-0.523465882	0.089381126
-0.960237632	0.279183972	0.490812438
0.733493346	-0.679696632	0.344547887
0.219974819	-0.97550555	0.300695517
0.263019164	0.964790609	0.961543936
0.611349971	0.791360356	1.067611938
0.481347391	0.876529913	0.237356702
-0.953120103	0.302592248	0.192530097
0.722745523	0.691114251	1.003801673
0.725036128	-0.688710834	1.61500681
-0.589836462	0.807522723	0.365759691
-0.686822998	-0.726824717	1.700500039
0.973003183	0.230791695	0.140590399
0.761064224	0.648676535	0.133686758
0.923527805	0.383531476	0.15720715
-0.98458319	0.174916955	1.344214848
0.778584021	0.627540375	1.218375831
-0.815421615	-0.578867507	0.478524802
0.349339142	0.936996352	0.320796411
0.787649191	0.616123975	0.665825548
0.554736351	0.83202619	1.458315155
0.840026699	0.542545063	1.423721579
-0.049212601	0.998788326	1.67736195
-0.99569658	-0.092673197	0.928926237
-0.436503584	-0.899702518	0.186618187
0.920745606	0.390163465	1.801427162
-0.054023072	0.998539688	0.093169892
-0.999998732	0.001592671	1.772522261
-0.049123583	-0.998792708	1.791366976
-0.993637514	0.112625441	0.189474868
0.56071233	0.828010678	1.498635943
-0.999099973	0.04241749	1.860273444
-0.925133982	0.379640771	0.139623944
-0.984654759	-0.174513626	0.617337409
-0.56609378	0.824340847	1.955045768
0.054886936	-0.998492576	0.487722675
0.102716051	0.994710718	0.865846442
-0.994650935	-0.10329336	0.649156584
-0.599417878	-0.80043626	0.182015006
-0.591695402	-0.806161616	1.902693895
0.986781039	0.162059192	0.244621876
0.746539872	0.665340679	1.702203006
0.338248269	-0.94105691	0.120657252
-0.926198512	-0.377036227	1.436547901
-0.995629735	-0.093388606	1.604078893
0.427432188	0.904047413	0.928456196
0.011854811	-0.999929729	1.22578828
0.432649737	0.901562092	1.388538909
-0.55367221	0.832734702	1.505511821
0.532695053	0.846307261	0.69300125
-0.141162343	0.989986461	1.890983833
-0.989449474	0.14487836	0.657614459
-0.086603291	0.996242877	1.585283708
-0.999924992	0.01224791	0.862394835
-0.731424484	-0.681922447	1.515672397
0.809195623	-0.587539312	0.12419931
-0.042405435	0.999100485	0.403555111
0.625914457	0.779891718	1.306684253
0.593055883	0.8051613	1.986179415
-0.774444252	-0.632642158	0.381702354
0.685011092	0.728532637	1.790068065
0.036782484	0.999323295	0.325066547
0.024331265	-0.999703951	1.467036038
0.997877771	-0.06511493	0.420216873
0.99046186	-0.137787169	0.056846645
0.839019279	0.544101691	1.763656756
0.606276739	-0.795253743	0.65214654
-0.934506499	0.355946069	0.95406648
-0.877789331	-0.479046856	1.611283309
-0.621762016	0.783206228	1.723789996
0.498131222	-0.867101658	0.198036013
-0.933656591	0.358169472	0.029239501
-0.758347656	0.651850315	0.058032311
0.312338085	0.94997101	1.805418887
0.952339757	-0.305039321	1.9507548
-0.491567701	0.870839362	0.376051284
0.7431987	-0.669070768	0.427975174
-0.733150534	-0.68006639	1.425833712
-0.888605138	0.458672986	1.349736926
-0.790801048	-0.612073282	0.211856752
-0.223666425	-0.974665753	0.046821998
-0.530796162	0.847499519	0.211179765
0.799127984	-0.601160931	0.178962298
0.761360567	-0.648328688	0.13692655
0.279415606	0.960170255	1.746377082
-0.212670351	0.977124005	0.373021835
0.709639391	-0.704565068	0.776581451
0.294600554	-0.955620486	0.665524685
0.764684882	0.644404401	0.205063873
-0.039632179	0.999214337	0.776874951
-0.784430547	0.62021667	1.552365117
0.0084956	0.999963912	1.068811998
0.76291064	-0.646503949	1.579595955
-0.844550065	0.535476598	0.016448969
-0.999658241	0.026141942	1.65222936
-0.992134289	0.125178086	1.158230597
-0.96583862	-0.259144286	1.364705078
0.860979591	-0.508639504	1.202976362
0.473157809	-0.880977689	0.846424245
0.766306901	0.642474695	0.135710197
-0.427480332	-0.904024649	0.269299667
0.758552223	0.651612251	0.788854667
0.991936925	0.126732542	1.891186299
-0.998108435	0.061478061	1.129605276
0.723435319	-0.690392163	0.289222318
-0.870055787	0.49295327	1.312042375
0.936714376	0.350094528	1.859065501
-0.985535604	-0.1694685	1.203897755
0.999932153	-0.011648607	0.475312962
-0.19267274	-0.981263071	1.665778026
0.663883047	0.747836412	1.088873893
0.148373969	-0.988931325	1.049086245
0.84741091	-0.530937614	0.110632365
-0.654431606	-0.756121202	1.535718175
0.570153585	0.821538125	1.167351285
0.945483705	-0.325669407	1.934701872
0.840172295	-0.542319569	1.48453523
0.161286265	0.986907666	1.849907834
-0.990747806	-0.135715828	0.959534785
-0.853095685	0.521754494	1.672274077
-0.625073252	0.780566096	0.097534563
0.938829603	0.344382021	1.993104781
-0.107068018	-0.994251698	1.902723375
-0.989119588	-0.147113702	0.343608006
0.909396594	-0.415930085	0.169852252
-0.064369757	0.997926117	1.31421963
-0.842694141	0.538392594	0.388493391
0.953481219	0.301452427	1.692727025
-0.609888635	0.792487131	1.871647329
0.870680559	0.491848923	1.720949085
-0.822181275	-0.569225747	1.798596856
-0.756908243	-0.653521164	1.86618376
-0.999740551	-0.022777852	0.496849564
-0.470179386	-0.882570872	1.877179237
0.413590592	-0.910462972	1.01645489
-0.937945697	-0.346782165	0.681675187
0.173578877	-0.98481997	1.739314354
-0.959594593	0.281386242	0.312815172
-0.977837232	0.209366537	1.55733071
-0.61541311	0.788204735	1.501260812
0.999543805	0.030202345	1.707364554
0.959658448	0.281168388	0.016039762
0.822136387	0.569290577	0.513541677
-0.996511904	-0.083450734	1.160056388
0.927694008	0.373341435	0.302686594
0.457324958	-0.889299658	0.274919505
0.80737839	0.590034011	1.014398813
-0.152210273	-0.988348133	0.132090345
-0.739446942	0.673214839	0.368611123
0.537277403	-0.843405592	1.038510725
-0.513032568	-0.858369142	1.527670905
0.239041195	0.971009427	0.328875022
0.62888289	-0.777500039	1.15783542
0.926667489	0.375882115	1.752823139
-0.804865778	-0.593456889	0.591908562
0.910998854	-0.412408885	1.525692109
0.112179226	0.99368799	0.049971454
-0.90875911	0.417321075	1.745677886
0.970136438	0.242559874	0.015629251
-0.965473994	-0.260499457	0.436203385
0.689398936	0.724381879	1.385897458
0.863813239	-0.503812156	0.327804126
0.537818829	-0.843060441	0.526990908
0.650321842	0.759658806	0.179238512
-0.91358464	-0.406648626	0.361052618
0.31335001	-0.949637705	0.739336173
0.964001289	0.265897566	0.574548743
0.526135429	-0.850400794	1.616258537
0.955091017	0.296312586	0.060902159
0.99995024	-0.009975843	1.966043058
-0.895736914	-0.444584504	0.116725241
-0.238920466	-0.97103914	0.035507411

